population in sample
0	0	0	1

generation in sample
0.0	3920.0	4920.0	5620.0

expected_linearlized_fst_array
0.0	0.49	0.615	0.7775	0.49	0.0	0.125	0.2875	0.615	0.125	0.0	0.1625	0.7775	0.2875	0.1625	0.0	

mean_linearlized_fst_array
0.0	0.5138583037559774	0.6585037622730755	0.82952592796386	0.5138583037559774	0.0	0.12871388616751173	0.30312211460152233	0.6585037622730755	0.12871388616751173	0.0	0.17390156109370386	0.82952592796386	0.30312211460152233	0.17390156109370386	0.0

median_linearlized_fst_array
0.0	0.47345788072745865	0.6144277919726782	0.7746276732076776	0.47345788072745865	0.0	0.10862412029407303	0.2517259727664747	0.6144277919726782	0.10862412029407303	0.0	0.14089559229440732	0.7746276732076776	0.2517259727664747	0.14089559229440732	0.0

std_linearlized_fst_array
0.0	0.2262718410216277	0.2806592154313503	0.33970169350843193	0.2262718410216277	0.0	0.07891259367483823	0.17310279067524648	0.2806592154313503	0.07891259367483823	0.0	0.11905812497309143	0.33970169350843193	0.17310279067524648	0.11905812497309143	0.0

linearlized_fst_array
0.0	0.48898345697412043	0.5458249350340373	0.6395726952539328	0.48898345697412043	0.0	0.09270585017524421	0.14702455547505286	0.5458249350340373	0.09270585017524421	0.0	0.06750792089124068	0.6395726952539328	0.14702455547505286	0.06750792089124068	0.0
0.0	0.5358155316226646	0.6592956780364292	0.9005854324565227	0.5358155316226646	0.0	0.06564149815475236	0.17077150586717424	0.6592956780364292	0.06564149815475236	0.0	0.08269033656259404	0.9005854324565227	0.17077150586717424	0.08269033656259404	0.0
0.0	0.36518041090148345	0.3810101961990352	0.5925072708927339	0.36518041090148345	0.0	0.2633774636748285	0.5034280038858542	0.3810101961990352	0.2633774636748285	0.0	0.13688692914619618	0.5925072708927339	0.5034280038858542	0.13688692914619618	0.0
0.0	0.6443488506400623	0.912064653768035	0.7573497795654884	0.6443488506400623	0.0	0.07618659028986831	0.25066541134939346	0.912064653768035	0.07618659028986831	0.0	0.3984738860650951	0.7573497795654884	0.25066541134939346	0.3984738860650951	0.0
0.0	1.0561318966844808	1.0673868322259803	1.5321279959926077	1.0561318966844808	0.0	0.1166535536251795	0.3140147946248354	1.0673868322259803	0.1166535536251795	0.0	0.11322865960357724	1.5321279959926077	0.3140147946248354	0.11322865960357724	0.0
0.0	0.3582770930956333	0.4417402325074932	0.7831218185614355	0.3582770930956333	0.0	0.10926528645386831	0.6183222058694057	0.4417402325074932	0.10926528645386831	0.0	0.3923462373994091	0.7831218185614355	0.6183222058694057	0.3923462373994091	0.0
0.0	0.445648635566134	0.462113199994361	0.6390409325973881	0.445648635566134	0.0	0.086191297339858	0.14714359962768228	0.462113199994361	0.086191297339858	0.0	0.08713522016446303	0.6390409325973881	0.14714359962768228	0.08713522016446303	0.0
0.0	0.7829197229236975	0.8846535348240265	0.9123533043090506	0.7829197229236975	0.0	0.13841174965813044	0.1627690213479562	0.8846535348240265	0.13841174965813044	0.0	0.05364805190867191	0.9123533043090506	0.1627690213479562	0.05364805190867191	0.0
0.0	0.42024891716635937	0.6127340411482977	0.6388184689992092	0.42024891716635937	0.0	0.1288315676532009	0.1497837983456791	0.6127340411482977	0.1288315676532009	0.0	0.08246086024277637	0.6388184689992092	0.1497837983456791	0.08246086024277637	0.0
0.0	0.6822418156337825	0.9346740615442649	1.1380575055595241	0.6822418156337825	0.0	0.14987580030298492	0.27506520503987536	0.9346740615442649	0.14987580030298492	0.0	0.09115442393822201	1.1380575055595241	0.27506520503987536	0.09115442393822201	0.0
0.0	0.6362655912015192	0.6638024737717088	0.8680474788190825	0.6362655912015192	0.0	0.06566840805748105	0.2497874742618836	0.6638024737717088	0.06566840805748105	0.0	0.18976808655187632	0.8680474788190825	0.2497874742618836	0.18976808655187632	0.0
0.0	0.8248519595636808	1.1045208217847093	1.045580928298769	0.8248519595636808	0.0	0.06250418156297831	0.21057438948489782	1.1045208217847093	0.06250418156297831	0.0	0.16093937455440493	1.045580928298769	0.21057438948489782	0.16093937455440493	0.0
0.0	0.5187402609040817	0.6048545634026481	0.8673674517843086	0.5187402609040817	0.0	0.09560400409259731	0.606847735670568	0.6048545634026481	0.09560400409259731	0.0	0.523684820015695	0.8673674517843086	0.606847735670568	0.523684820015695	0.0
0.0	0.3954426712084889	0.5315367581722175	0.6906926166456497	0.3954426712084889	0.0	0.10798295413427778	0.2688466913979716	0.5315367581722175	0.10798295413427778	0.0	0.21741434496219755	0.6906926166456497	0.2688466913979716	0.21741434496219755	0.0
0.0	0.4078836057092854	0.5794353399463403	0.9025783160010095	0.4078836057092854	0.0	0.16605496042326962	0.5089453107621744	0.5794353399463403	0.16605496042326962	0.0	0.13845846865895434	0.9025783160010095	0.5089453107621744	0.13845846865895434	0.0
0.0	0.6124551216215369	0.8637040914202107	1.1352492326357404	0.6124551216215369	0.0	0.09602213349284576	0.30441269814496635	0.8637040914202107	0.09602213349284576	0.0	0.16454181993101188	1.1352492326357404	0.30441269814496635	0.16454181993101188	0.0
0.0	0.5248475555694615	1.10911117060996	0.752018520345326	0.5248475555694615	0.0	0.20674416540507837	0.21497069394462034	1.10911117060996	0.20674416540507837	0.0	0.20708695128792062	0.752018520345326	0.21497069394462034	0.20708695128792062	0.0
0.0	0.4686757533500018	0.5807501672882549	0.8123192672891788	0.4686757533500018	0.0	0.08100963616406814	0.39016845669708206	0.5807501672882549	0.08100963616406814	0.0	0.37802464057435836	0.8123192672891788	0.39016845669708206	0.37802464057435836	0.0
0.0	0.7114311440546552	0.7675437193490761	0.8196930101557677	0.7114311440546552	0.0	0.029016341436336347	0.2253472135899697	0.7675437193490761	0.029016341436336347	0.0	0.17859458768234815	0.8196930101557677	0.2253472135899697	0.17859458768234815	0.0
0.0	0.3162666119678555	0.5186481768165813	0.991287747593433	0.3162666119678555	0.0	0.13088169774274383	0.5071722342269567	0.5186481768165813	0.13088169774274383	0.0	0.1569135529530759	0.991287747593433	0.5071722342269567	0.1569135529530759	0.0
0.0	0.3163126193399066	0.4383660722284292	0.5602992872296202	0.3163126193399066	0.0	0.09586419290808619	0.16653541185632925	0.4383660722284292	0.09586419290808619	0.0	0.040321576418972965	0.5602992872296202	0.16653541185632925	0.040321576418972965	0.0
0.0	0.30605990260023647	0.45017815005874595	0.478240786366269	0.30605990260023647	0.0	0.054613923680725304	0.1214809686099254	0.45017815005874595	0.054613923680725304	0.0	0.05936737583897203	0.478240786366269	0.1214809686099254	0.05936737583897203	0.0
0.0	0.20228716595682142	0.21608574682079876	0.35489237600742424	0.20228716595682142	0.0	0.13660330595945025	0.18254907965122552	0.21608574682079876	0.13660330595945025	0.0	0.15802295973013858	0.35489237600742424	0.18254907965122552	0.15802295973013858	0.0
0.0	0.2683078303916333	0.31830076046095784	0.6365759428366933	0.2683078303916333	0.0	0.06814330016398039	0.3509422657152186	0.31830076046095784	0.06814330016398039	0.0	0.254786169061519	0.6365759428366933	0.3509422657152186	0.254786169061519	0.0
0.0	0.6119822427662183	0.8638074787496711	0.759160873860887	0.6119822427662183	0.0	0.05235065152210937	0.07965475305011359	0.8638074787496711	0.05235065152210937	0.0	0.04024233945436402	0.759160873860887	0.07965475305011359	0.04024233945436402	0.0
0.0	0.38807781044018225	0.3765907069121303	0.5516265755062865	0.38807781044018225	0.0	0.023796650003833946	0.19548743711886674	0.3765907069121303	0.023796650003833946	0.0	0.12316871860687521	0.5516265755062865	0.19548743711886674	0.12316871860687521	0.0
0.0	0.46093526422287084	0.5771925607186378	0.7378970565500238	0.46093526422287084	0.0	0.07380874096661695	0.2602132981996475	0.5771925607186378	0.07380874096661695	0.0	0.14073035538375875	0.7378970565500238	0.2602132981996475	0.14073035538375875	0.0
0.0	0.22283235479794974	0.33404976834990885	0.33218253077020193	0.22283235479794974	0.0	0.07353356823743101	0.12961296105698145	0.33404976834990885	0.07353356823743101	0.0	0.05044274333293103	0.33218253077020193	0.12961296105698145	0.05044274333293103	0.0
0.0	0.8860927155819652	0.6566953218285232	0.8022599722133265	0.8860927155819652	0.0	0.1596000260134528	0.23305892137039824	0.6566953218285232	0.1596000260134528	0.0	0.04659119210294481	0.8022599722133265	0.23305892137039824	0.04659119210294481	0.0
0.0	0.43093273268423854	0.5406365117391012	0.5311791085154913	0.43093273268423854	0.0	0.037452277005156145	0.14618284927339828	0.5406365117391012	0.037452277005156145	0.0	0.10245196339179795	0.5311791085154913	0.14618284927339828	0.10245196339179795	0.0
0.0	0.42416171782722917	0.4962832164129382	0.6688530054131632	0.42416171782722917	0.0	0.07495872327393582	0.2777838245958484	0.4962832164129382	0.07495872327393582	0.0	0.18204883685014658	0.6688530054131632	0.2777838245958484	0.18204883685014658	0.0
0.0	0.48017892791853284	0.860531250353295	1.1294760842561788	0.48017892791853284	0.0	0.19347395115098567	0.3341646958366966	0.860531250353295	0.19347395115098567	0.0	0.1343134947220476	1.1294760842561788	0.3341646958366966	0.1343134947220476	0.0
0.0	0.28368810426158625	0.5231551586997365	1.84282064643778	0.28368810426158625	0.0	0.22367389546516542	1.3724226720899286	0.5231551586997365	0.22367389546516542	0.0	0.3420425943667936	1.84282064643778	1.3724226720899286	0.3420425943667936	0.0
0.0	0.2747974963621728	0.5036702467369545	0.7024107985104288	0.2747974963621728	0.0	0.10238565290557766	0.33417701509268327	0.5036702467369545	0.10238565290557766	0.0	0.20475357863898333	0.7024107985104288	0.33417701509268327	0.20475357863898333	0.0
0.0	0.5490472312931363	0.7735869027492969	0.9602678425055996	0.5490472312931363	0.0	0.05148453612540708	0.49610175437356946	0.7735869027492969	0.05148453612540708	0.0	0.643494209764516	0.9602678425055996	0.49610175437356946	0.643494209764516	0.0
0.0	0.32193737831090197	0.5593629992101855	1.5685251541288874	0.32193737831090197	0.0	0.14658250618050284	1.1207183723249228	0.5593629992101855	0.14658250618050284	0.0	0.7174387673289662	1.5685251541288874	1.1207183723249228	0.7174387673289662	0.0
0.0	0.9344978887613539	1.090072875858956	1.624509135079446	0.9344978887613539	0.0	0.049922655388898646	0.24908616961843244	1.090072875858956	0.049922655388898646	0.0	0.17959077443424698	1.624509135079446	0.24908616961843244	0.17959077443424698	0.0
0.0	0.523651200496511	0.6419415413635173	1.4366816196808496	0.523651200496511	0.0	0.08502188177132855	0.709704906741999	0.6419415413635173	0.08502188177132855	0.0	0.6713133660007004	1.4366816196808496	0.709704906741999	0.6713133660007004	0.0
0.0	0.28512867912398115	0.35950421703951174	0.5343831516975548	0.28512867912398115	0.0	0.0673711125403516	0.19450379369639442	0.35950421703951174	0.0673711125403516	0.0	0.16935575503693182	0.5343831516975548	0.19450379369639442	0.16935575503693182	0.0
0.0	0.5776439864988719	0.5314141657692958	0.7480698942389644	0.5776439864988719	0.0	0.1668267849914325	0.22675289852696368	0.5314141657692958	0.1668267849914325	0.0	0.1368136163969331	0.7480698942389644	0.22675289852696368	0.1368136163969331	0.0
0.0	0.42519708988796506	0.4685784341360155	0.7979037509269706	0.42519708988796506	0.0	0.23985216219332026	0.41749413277584235	0.4685784341360155	0.23985216219332026	0.0	0.33934842824134576	0.7979037509269706	0.41749413277584235	0.33934842824134576	0.0
0.0	0.4025450651879403	0.4769241523851871	0.6864776399476296	0.4025450651879403	0.0	0.11493245235105871	0.3950392618759355	0.4769241523851871	0.11493245235105871	0.0	0.26319395119337263	0.6864776399476296	0.3950392618759355	0.26319395119337263	0.0
0.0	0.29616226000657825	0.3116416717476158	0.36920229608162286	0.29616226000657825	0.0	0.057663232778746756	0.1511399602550643	0.3116416717476158	0.057663232778746756	0.0	0.04496904764428463	0.36920229608162286	0.1511399602550643	0.04496904764428463	0.0
0.0	0.3020056748736134	0.3274159301736136	0.4448881984727734	0.3020056748736134	0.0	0.20136544179197927	0.30643540748910236	0.3274159301736136	0.20136544179197927	0.0	0.22257452692690927	0.4448881984727734	0.30643540748910236	0.22257452692690927	0.0
0.0	0.9745717353035077	1.6791415543274824	1.4788162506336477	0.9745717353035077	0.0	0.17671745876357844	0.2593694142527114	1.6791415543274824	0.17671745876357844	0.0	0.39668021341922416	1.4788162506336477	0.2593694142527114	0.39668021341922416	0.0
0.0	0.5180609992379293	0.7246268300794709	1.0393801170169268	0.5180609992379293	0.0	0.059822231709921174	0.43371339311552515	0.7246268300794709	0.059822231709921174	0.0	0.4584476649598728	1.0393801170169268	0.43371339311552515	0.4584476649598728	0.0
0.0	0.9622091422430288	0.9347419464681874	0.9080889957102293	0.9622091422430288	0.0	0.0979651148047796	0.24091504886177967	0.9347419464681874	0.0979651148047796	0.0	0.14091823475980111	0.9080889957102293	0.24091504886177967	0.14091823475980111	0.0
0.0	0.6197261013218311	0.49032130715583594	0.7917013828703304	0.6197261013218311	0.0	0.13397473926358988	0.3505065529383158	0.49032130715583594	0.13397473926358988	0.0	0.2568141100581332	0.7917013828703304	0.3505065529383158	0.2568141100581332	0.0
0.0	0.40030176691215336	0.4267368353813406	0.5837171086006883	0.40030176691215336	0.0	0.09802325828562547	0.23246753747672846	0.4267368353813406	0.09802325828562547	0.0	0.10369103090808822	0.5837171086006883	0.23246753747672846	0.10369103090808822	0.0
0.0	0.6059300839688826	0.9201399801147254	1.0925888251605844	0.6059300839688826	0.0	0.12935171197587897	0.3101211623379129	0.9201399801147254	0.12935171197587897	0.0	0.14703351866696138	1.0925888251605844	0.3101211623379129	0.14703351866696138	0.0
0.0	0.9363627350182452	1.2007247403247092	1.3222236644014165	0.9363627350182452	0.0	0.04886445660314049	0.11286547897151235	1.2007247403247092	0.04886445660314049	0.0	0.1264213611431788	1.3222236644014165	0.11286547897151235	0.1264213611431788	0.0
0.0	0.49330309283953117	0.6023653389366984	1.0812387181412373	0.49330309283953117	0.0	0.08746179735690209	0.5417123746515058	0.6023653389366984	0.08746179735690209	0.0	0.29484672335346934	1.0812387181412373	0.5417123746515058	0.29484672335346934	0.0
0.0	0.25068773309436415	0.27578991833603966	0.4526283025802317	0.25068773309436415	0.0	0.05687546209238193	0.22234637030177293	0.27578991833603966	0.05687546209238193	0.0	0.19485564066006925	0.4526283025802317	0.22234637030177293	0.19485564066006925	0.0
0.0	0.3910343142166552	0.5375033193497596	0.9072290486993734	0.3910343142166552	0.0	0.15950896047500807	0.510502467645282	0.5375033193497596	0.15950896047500807	0.0	0.1397708712305698	0.9072290486993734	0.510502467645282	0.1397708712305698	0.0
0.0	0.1964918066935211	0.4474905660667867	0.5197284192910785	0.1964918066935211	0.0	0.22858324690085152	0.32681952307904477	0.4474905660667867	0.22858324690085152	0.0	0.089981896110059	0.5197284192910785	0.32681952307904477	0.089981896110059	0.0
0.0	0.5086408139999866	0.6339284029273407	0.8576530834189189	0.5086408139999866	0.0	0.06011412815051369	0.27008990953371853	0.6339284029273407	0.06011412815051369	0.0	0.12752370970649526	0.8576530834189189	0.27008990953371853	0.12752370970649526	0.0
0.0	0.4537258870938616	0.5263175535405511	0.8427982406718748	0.4537258870938616	0.0	0.16312725739177913	0.49185366368411876	0.5263175535405511	0.16312725739177913	0.0	0.227312089537258	0.8427982406718748	0.49185366368411876	0.227312089537258	0.0
0.0	0.19658019776107566	0.25122981857553744	0.33564355257701034	0.19658019776107566	0.0	0.07951675220103012	0.13861757531296978	0.25122981857553744	0.07951675220103012	0.0	0.08221089133833366	0.33564355257701034	0.13861757531296978	0.08221089133833366	0.0
0.0	0.6806827546995117	0.4118568350286298	0.5667666657534179	0.6806827546995117	0.0	0.37940720975282355	0.659436119076314	0.4118568350286298	0.37940720975282355	0.0	0.1492079000201601	0.5667666657534179	0.659436119076314	0.1492079000201601	0.0
0.0	0.4541407398283237	0.8145849395844785	1.1354251521210061	0.4541407398283237	0.0	0.1611421314696401	0.3416586335761092	0.8145849395844785	0.1611421314696401	0.0	0.06931051829239247	1.1354251521210061	0.3416586335761092	0.06931051829239247	0.0
0.0	0.7082598306955042	0.8587206678189641	0.6236465166984784	0.7082598306955042	0.0	0.0349860428695545	0.14021126162673866	0.8587206678189641	0.0349860428695545	0.0	0.1682460291086282	0.6236465166984784	0.14021126162673866	0.1682460291086282	0.0
0.0	0.6906926431626171	0.6968017076452334	1.9899024145066684	0.6906926431626171	0.0	0.03324163492140918	0.42032500919513355	0.6968017076452334	0.03324163492140918	0.0	0.40343820148219606	1.9899024145066684	0.42032500919513355	0.40343820148219606	0.0
0.0	0.35050844329411757	0.5519839316036711	0.8319942634669593	0.35050844329411757	0.0	0.35530721182358127	0.6946999247466449	0.5519839316036711	0.35530721182358127	0.0	0.07617977184301974	0.8319942634669593	0.6946999247466449	0.07617977184301974	0.0
0.0	0.5728839243771789	0.672905866562896	0.77791605786893	0.5728839243771789	0.0	0.07203943874363648	0.3309518192068432	0.672905866562896	0.07203943874363648	0.0	0.18726988045786772	0.77791605786893	0.3309518192068432	0.18726988045786772	0.0
0.0	0.407496432421325	0.46314966069628694	0.480222576483562	0.407496432421325	0.0	0.06449474697637161	0.3202540737477283	0.46314966069628694	0.06449474697637161	0.0	0.2246148495494647	0.480222576483562	0.3202540737477283	0.2246148495494647	0.0
0.0	0.7670250155960462	0.8580273500763776	1.5174364603688097	0.7670250155960462	0.0	0.08132595455080496	0.7234061411072421	0.8580273500763776	0.08132595455080496	0.0	0.6194951025915335	1.5174364603688097	0.7234061411072421	0.6194951025915335	0.0
0.0	1.2260744078252186	1.7830546435495231	2.083031693975614	1.2260744078252186	0.0	0.1546720375828619	0.25238522565511323	1.7830546435495231	0.1546720375828619	0.0	0.1970834220529794	2.083031693975614	0.25238522565511323	0.1970834220529794	0.0
0.0	0.32622693921345897	0.43986363349457125	1.179954572099987	0.32622693921345897	0.0	0.10551086385763929	0.7452181778047193	0.43986363349457125	0.10551086385763929	0.0	0.30430095423298364	1.179954572099987	0.7452181778047193	0.30430095423298364	0.0
0.0	0.3141640970711674	0.40528149373294925	0.4818873475417605	0.3141640970711674	0.0	0.05535573174388194	0.16636213807871433	0.40528149373294925	0.05535573174388194	0.0	0.14810839912923093	0.4818873475417605	0.16636213807871433	0.14810839912923093	0.0
0.0	0.5771596636544643	0.7723827165477195	1.0500685519293147	0.5771596636544643	0.0	0.2881236647794347	0.5158488834031237	0.7723827165477195	0.2881236647794347	0.0	0.05974866448521272	1.0500685519293147	0.5158488834031237	0.05974866448521272	0.0
0.0	0.5761414321077711	0.8092962497779146	1.2447864502196468	0.5761414321077711	0.0	0.11881724857594352	0.6761062565664443	0.8092962497779146	0.11881724857594352	0.0	0.5693182623970847	1.2447864502196468	0.6761062565664443	0.5693182623970847	0.0
0.0	0.7451214950185344	0.6742496349353586	1.0124014464302185	0.7451214950185344	0.0	0.11606969499995846	0.14904144110460033	0.6742496349353586	0.11606969499995846	0.0	0.20545172497211972	1.0124014464302185	0.14904144110460033	0.20545172497211972	0.0
0.0	1.0891813757167663	0.947007825973835	1.0419328398137588	1.0891813757167663	0.0	0.12435265322669538	0.4569730496662751	0.947007825973835	0.12435265322669538	0.0	0.27098084761219166	1.0419328398137588	0.4569730496662751	0.27098084761219166	0.0
0.0	0.1815201808345798	0.21637365424164567	0.6019050941099382	0.1815201808345798	0.0	0.015634639569368145	0.26424262248860997	0.21637365424164567	0.015634639569368145	0.0	0.20478251867297873	0.6019050941099382	0.26424262248860997	0.20478251867297873	0.0
0.0	0.44314827776135185	0.6602894901707658	0.8185670626143735	0.44314827776135185	0.0	0.11601624471610195	0.3780588472637114	0.6602894901707658	0.11601624471610195	0.0	0.20451940308040228	0.8185670626143735	0.3780588472637114	0.20451940308040228	0.0
0.0	0.33240014979261023	0.47864687841709774	1.0576636028246433	0.33240014979261023	0.0	0.1337106581283312	0.7727493873745542	0.47864687841709774	0.1337106581283312	0.0	0.3574752613625575	1.0576636028246433	0.7727493873745542	0.3574752613625575	0.0
0.0	0.39291510386542255	0.681616797218386	1.0397593617506615	0.39291510386542255	0.0	0.1833564471369978	0.5124638133533401	0.681616797218386	0.1833564471369978	0.0	0.29792772354331576	1.0397593617506615	0.5124638133533401	0.29792772354331576	0.0
0.0	0.731705664088224	1.0268058083512968	1.1948319770170923	0.731705664088224	0.0	0.11269101883671048	0.2328282216517621	1.0268058083512968	0.11269101883671048	0.0	0.10776986654154537	1.1948319770170923	0.2328282216517621	0.10776986654154537	0.0
0.0	0.5559223849398421	0.5909619088716749	0.6378685891219185	0.5559223849398421	0.0	0.04617311080101969	0.09064014928213592	0.5909619088716749	0.04617311080101969	0.0	0.034981785640256745	0.6378685891219185	0.09064014928213592	0.034981785640256745	0.0
0.0	0.6059143775451263	0.7315307763517611	0.7699227999909709	0.6059143775451263	0.0	0.1503563155397473	0.25009303435442626	0.7315307763517611	0.1503563155397473	0.0	0.17013885272738102	0.7699227999909709	0.25009303435442626	0.17013885272738102	0.0
0.0	0.8521844327783302	0.8248139190666449	1.1622354863698399	0.8521844327783302	0.0	0.14939549957119874	0.4229716610838369	0.8248139190666449	0.14939549957119874	0.0	0.25502349622104953	1.1622354863698399	0.4229716610838369	0.25502349622104953	0.0
0.0	0.38344705524239525	0.5399987369964454	0.828827927246215	0.38344705524239525	0.0	0.0957906158923915	0.2922896002018368	0.5399987369964454	0.0957906158923915	0.0	0.11274538736073925	0.828827927246215	0.2922896002018368	0.11274538736073925	0.0
0.0	0.6454208904555809	1.0343987473839202	1.1565237747408808	0.6454208904555809	0.0	0.17992078100086273	0.2510667198778362	1.0343987473839202	0.17992078100086273	0.0	0.07059221465153206	1.1565237747408808	0.2510667198778362	0.07059221465153206	0.0
0.0	0.40330829386164324	0.43508718708215727	0.6046595933540613	0.40330829386164324	0.0	0.06573845368374502	0.14024604943233931	0.43508718708215727	0.06573845368374502	0.0	0.10023937562651179	0.6046595933540613	0.14024604943233931	0.10023937562651179	0.0
0.0	0.5793526516111217	0.6471669856714353	0.797048249706058	0.5793526516111217	0.0	0.07311963106363326	0.1743734919535054	0.6471669856714353	0.07311963106363326	0.0	0.0645468472520229	0.797048249706058	0.1743734919535054	0.0645468472520229	0.0
0.0	0.9640477158144954	0.8807029088939671	0.9622867680681452	0.9640477158144954	0.0	0.21511603839593127	0.43494160124055653	0.8807029088939671	0.21511603839593127	0.0	0.15505098572479728	0.9622867680681452	0.43494160124055653	0.15505098572479728	0.0
0.0	0.4456351060543105	0.7250072223032533	0.9281986403494911	0.4456351060543105	0.0	0.15911226494225875	0.33674491412651447	0.7250072223032533	0.15911226494225875	0.0	0.09987836349245961	0.9281986403494911	0.33674491412651447	0.09987836349245961	0.0
0.0	0.6311709946761945	0.7266232159955052	0.8647250322380786	0.6311709946761945	0.0	0.1375702143766538	0.5540856192857747	0.7266232159955052	0.1375702143766538	0.0	0.4176171997564923	0.8647250322380786	0.5540856192857747	0.4176171997564923	0.0
0.0	1.1262326516212635	1.413312948401038	1.3016862393085624	1.1262326516212635	0.0	0.1027587748335744	0.1481675866416776	1.413312948401038	0.1027587748335744	0.0	0.04623162754139886	1.3016862393085624	0.1481675866416776	0.04623162754139886	0.0
0.0	0.5296183232102873	1.478896877470251	0.6246301550696481	0.5296183232102873	0.0	0.2178007521353219	0.14923846364937116	1.478896877470251	0.2178007521353219	0.0	0.3080516511714153	0.6246301550696481	0.14923846364937116	0.3080516511714153	0.0
0.0	0.6637279828327465	1.0501373604683948	0.9730023007169651	0.6637279828327465	0.0	0.08468348483179047	0.13741653406245039	1.0501373604683948	0.08468348483179047	0.0	0.15786958185892178	0.9730023007169651	0.13741653406245039	0.15786958185892178	0.0
0.0	0.484895696171385	0.6177134183647175	0.756786593768206	0.484895696171385	0.0	0.08135479258046655	0.15572204721171798	0.6177134183647175	0.08135479258046655	0.0	0.07649417347101858	0.756786593768206	0.15572204721171798	0.07649417347101858	0.0
0.0	0.4386812079587984	0.46413799503377157	0.5316323968422835	0.4386812079587984	0.0	0.09336904364735328	0.2734715124671203	0.46413799503377157	0.09336904364735328	0.0	0.17746720754615836	0.5316323968422835	0.2734715124671203	0.17746720754615836	0.0
0.0	0.6103207646657708	0.6487282964044584	0.8797717139393674	0.6103207646657708	0.0	0.07670472280896448	0.28710401629188326	0.6487282964044584	0.07670472280896448	0.0	0.20933586130188056	0.8797717139393674	0.28710401629188326	0.20933586130188056	0.0
0.0	0.7581466657414143	0.8796613238809188	1.097007952065523	0.7581466657414143	0.0	0.10930606651338452	0.24589140628564454	0.8796613238809188	0.10930606651338452	0.0	0.09443134238649833	1.097007952065523	0.24589140628564454	0.09443134238649833	0.0
0.0	0.6128989362205585	0.7906513429273337	1.0644352055805948	0.6128989362205585	0.0	0.11100781291291333	0.3055139934244549	0.7906513429273337	0.11100781291291333	0.0	0.10000460931744987	1.0644352055805948	0.3055139934244549	0.10000460931744987	0.0
0.0	0.37963982979890365	0.508679353522534	0.656670180157804	0.37963982979890365	0.0	0.060175486504790855	0.26975223844449026	0.508679353522534	0.060175486504790855	0.0	0.1539231617235638	0.656670180157804	0.26975223844449026	0.1539231617235638	0.0
0.0	0.3074730211162167	0.4795986836616583	0.6117898587441627	0.3074730211162167	0.0	0.11794386949622061	0.3070590901726496	0.4795986836616583	0.11794386949622061	0.0	0.30058019201697656	0.6117898587441627	0.3070590901726496	0.30058019201697656	0.0
0.0	0.3839629065991307	0.3890833869258927	0.46112339883198217	0.3839629065991307	0.0	0.16216033713713457	0.28759590198664853	0.3890833869258927	0.16216033713713457	0.0	0.07767813367244972	0.46112339883198217	0.28759590198664853	0.07767813367244972	0.0
0.0	0.5301282014106342	0.44083499247963176	0.6999436096661076	0.5301282014106342	0.0	0.09095262282083771	0.24865829798125355	0.44083499247963176	0.09095262282083771	0.0	0.30101088252038044	0.6999436096661076	0.24865829798125355	0.30101088252038044	0.0
0.0	0.40988142341390815	0.29265843685139414	0.36206385668328717	0.40988142341390815	0.0	0.13316360240157163	0.1377756051071727	0.29265843685139414	0.13316360240157163	0.0	0.05105531477951948	0.36206385668328717	0.1377756051071727	0.05105531477951948	0.0
0.0	0.692551859623412	0.7066564635711465	0.8127977243113448	0.692551859623412	0.0	0.05064130377400677	0.09555933826141265	0.7066564635711465	0.05064130377400677	0.0	0.06439527869205315	0.8127977243113448	0.09555933826141265	0.06439527869205315	0.0
0.0	0.5628615815814872	0.6611307037390102	0.8969185430772008	0.5628615815814872	0.0	0.09019905303520205	0.21148163385419635	0.6611307037390102	0.09019905303520205	0.0	0.0829539066077495	0.8969185430772008	0.21148163385419635	0.0829539066077495	0.0
0.0	0.5275468417686087	0.434019688816395	0.6407920615266317	0.5275468417686087	0.0	0.11005817568934662	0.527155817077794	0.434019688816395	0.11005817568934662	0.0	0.23713965854227523	0.6407920615266317	0.527155817077794	0.23713965854227523	0.0
0.0	0.22788120839391715	0.3310020193285828	0.39794118208828355	0.22788120839391715	0.0	0.08931699590887435	0.13910226891715763	0.3310020193285828	0.08931699590887435	0.0	0.04812385302082244	0.39794118208828355	0.13910226891715763	0.04812385302082244	0.0
0.0	0.31229955130440235	0.3275995459450996	0.355504664056122	0.31229955130440235	0.0	0.08775738544963714	0.1574952198212077	0.3275995459450996	0.08775738544963714	0.0	0.15170118600341229	0.355504664056122	0.1574952198212077	0.15170118600341229	0.0
0.0	0.8023500630007755	0.8605063989427192	1.7141137864054496	0.8023500630007755	0.0	0.06746618627330671	0.6062952369726387	0.8605063989427192	0.06746618627330671	0.0	0.4263548179399034	1.7141137864054496	0.6062952369726387	0.4263548179399034	0.0
0.0	0.35112965582628225	0.441954539638498	0.6598480259991897	0.35112965582628225	0.0	0.10087902619038593	0.3828629577328432	0.441954539638498	0.10087902619038593	0.0	0.14725289095558694	0.6598480259991897	0.3828629577328432	0.14725289095558694	0.0
0.0	0.3453395646096468	0.49547296410516223	1.3983712096638383	0.3453395646096468	0.0	0.16945083519657653	0.8670827699523382	0.49547296410516223	0.16945083519657653	0.0	0.35390141862335345	1.3983712096638383	0.8670827699523382	0.35390141862335345	0.0
0.0	0.9487879516438166	1.750948857300989	1.4930835093906039	0.9487879516438166	0.0	0.2105886525426776	0.13859851493540784	1.750948857300989	0.2105886525426776	0.0	0.1672309494455616	1.4930835093906039	0.13859851493540784	0.1672309494455616	0.0
0.0	0.44074676658642614	0.5412368831785637	0.6604652971641963	0.44074676658642614	0.0	0.07419312654096666	0.18044680132075888	0.5412368831785637	0.07419312654096666	0.0	0.11202677236994249	0.6604652971641963	0.18044680132075888	0.11202677236994249	0.0
0.0	0.790759910775888	0.582159457084071	0.5869252272848416	0.790759910775888	0.0	0.07755032258051775	0.1311978904597042	0.582159457084071	0.07755032258051775	0.0	0.03707439525652622	0.5869252272848416	0.1311978904597042	0.03707439525652622	0.0
0.0	0.5479790941673024	0.6784437762099217	0.8289908564621226	0.5479790941673024	0.0	0.08298222341278133	0.16727009446034327	0.6784437762099217	0.08298222341278133	0.0	0.05458670876296337	0.8289908564621226	0.16727009446034327	0.05458670876296337	0.0
0.0	0.3663109390248182	0.8403176956244349	0.8588960683517749	0.3663109390248182	0.0	0.2078149976985624	0.23054507810592226	0.8403176956244349	0.2078149976985624	0.0	0.22348717418807082	0.8588960683517749	0.23054507810592226	0.22348717418807082	0.0
0.0	0.2729207746168806	0.5149009010655896	0.5838869124493675	0.2729207746168806	0.0	0.2663232476575178	0.40789798709633324	0.5149009010655896	0.2663232476575178	0.0	0.2045280108699092	0.5838869124493675	0.40789798709633324	0.2045280108699092	0.0
0.0	0.8530163972664851	0.858932684722035	0.8972111797573052	0.8530163972664851	0.0	0.050638366646017695	0.24450991049927448	0.858932684722035	0.050638366646017695	0.0	0.13397330526689377	0.8972111797573052	0.24450991049927448	0.13397330526689377	0.0
0.0	0.4461469398332963	0.7832169470886848	1.005875445363662	0.4461469398332963	0.0	0.2730868534531954	0.34770068681863686	0.7832169470886848	0.2730868534531954	0.0	0.15811503970242025	1.005875445363662	0.34770068681863686	0.15811503970242025	0.0
0.0	0.3345855721175743	0.3545491633125111	0.3541345948834718	0.3345855721175743	0.0	0.23060029863308962	0.2893267688546972	0.3545491633125111	0.23060029863308962	0.0	0.06205065222429438	0.3541345948834718	0.2893267688546972	0.06205065222429438	0.0
0.0	0.5505914612957212	0.8069914652076766	1.3812278783112133	0.5505914612957212	0.0	0.058821395835818954	0.2885851980429102	0.8069914652076766	0.058821395835818954	0.0	0.16546280160088173	1.3812278783112133	0.2885851980429102	0.16546280160088173	0.0
0.0	0.28809983439026743	0.36019727546870106	0.38131006533681977	0.28809983439026743	0.0	0.08491136039456515	0.18566430081886787	0.36019727546870106	0.08491136039456515	0.0	0.11949830535641402	0.38131006533681977	0.18566430081886787	0.11949830535641402	0.0
0.0	0.23458539723564314	0.38492656574920964	0.35142141357876416	0.23458539723564314	0.0	0.16790610707480344	0.12056032452248254	0.38492656574920964	0.16790610707480344	0.0	0.05866477566953833	0.35142141357876416	0.12056032452248254	0.05866477566953833	0.0
0.0	0.3868797943492633	0.7899945792746739	0.8246472248354083	0.3868797943492633	0.0	0.26973645856484796	0.37523894435731114	0.7899945792746739	0.26973645856484796	0.0	0.14353197867800438	0.8246472248354083	0.37523894435731114	0.14353197867800438	0.0
0.0	0.30013664721470223	0.6001043996351401	0.9586925744488708	0.30013664721470223	0.0	0.28930099946013627	0.6573043249535213	0.6001043996351401	0.28930099946013627	0.0	0.100578690586455	0.9586925744488708	0.6573043249535213	0.100578690586455	0.0
0.0	0.4626052020980361	0.8334188089841755	0.703813701504731	0.4626052020980361	0.0	0.30049802725676417	0.4383952974518141	0.8334188089841755	0.30049802725676417	0.0	0.3943813786373583	0.703813701504731	0.4383952974518141	0.3943813786373583	0.0
0.0	0.3594221622384182	0.41672975562637116	0.6421866535227216	0.3594221622384182	0.0	0.07910055373977623	0.17733657447784257	0.41672975562637116	0.07910055373977623	0.0	0.10591938541426624	0.6421866535227216	0.17733657447784257	0.10591938541426624	0.0
0.0	0.3053883206203062	0.4155384772450129	0.6521769462984698	0.3053883206203062	0.0	0.040417810689799105	0.3089109036088266	0.4155384772450129	0.040417810689799105	0.0	0.2939597549220077	0.6521769462984698	0.3089109036088266	0.2939597549220077	0.0
0.0	0.6421541403329154	0.9576238659180067	1.0137524603129264	0.6421541403329154	0.0	0.17068481189375123	0.16385894441046622	0.9576238659180067	0.17068481189375123	0.0	0.028315789127590606	1.0137524603129264	0.16385894441046622	0.028315789127590606	0.0
0.0	0.2809241799134947	1.0574916689944958	1.0341352532200256	0.2809241799134947	0.0	0.5173786956424649	0.5567746724154409	1.0574916689944958	0.5173786956424649	0.0	0.17420765027330395	1.0341352532200256	0.5567746724154409	0.17420765027330395	0.0
0.0	0.22231887113629056	0.3403647591325906	0.4381996891807814	0.22231887113629056	0.0	0.076947462906991	0.16586299909407545	0.3403647591325906	0.076947462906991	0.0	0.05491738112015185	0.4381996891807814	0.16586299909407545	0.05491738112015185	0.0
0.0	0.3655066221033706	0.6836859653914581	1.0966740096992496	0.3655066221033706	0.0	0.21056738619521617	0.6201311394292719	0.6836859653914581	0.21056738619521617	0.0	0.3010507522017558	1.0966740096992496	0.6201311394292719	0.3010507522017558	0.0
0.0	0.4012372252577419	0.45847612958289946	0.6098822273408384	0.4012372252577419	0.0	0.15149294596090365	0.38916207097968764	0.45847612958289946	0.15149294596090365	0.0	0.11361945822177186	0.6098822273408384	0.38916207097968764	0.11361945822177186	0.0
0.0	0.687356798617331	0.644804288499106	0.9487708633161902	0.687356798617331	0.0	0.16075412190246954	0.18996850306403643	0.644804288499106	0.16075412190246954	0.0	0.1169295425239965	0.9487708633161902	0.18996850306403643	0.1169295425239965	0.0
0.0	0.22535767165258028	0.4604023551027102	0.4923053525169894	0.22535767165258028	0.0	0.21371177830911292	0.29590909382007136	0.4604023551027102	0.21371177830911292	0.0	0.10635735596504073	0.4923053525169894	0.29590909382007136	0.10635735596504073	0.0
0.0	0.238353910075228	0.3162319065438258	0.4153940867748359	0.238353910075228	0.0	0.09346741436766161	0.18089426168970424	0.3162319065438258	0.09346741436766161	0.0	0.058647052112595105	0.4153940867748359	0.18089426168970424	0.058647052112595105	0.0
0.0	0.8432008672549826	0.9642712268234471	1.3696713953174449	0.8432008672549826	0.0	0.13368910202373077	0.4598938524900478	0.9642712268234471	0.13368910202373077	0.0	0.11044334017330368	1.3696713953174449	0.4598938524900478	0.11044334017330368	0.0
0.0	0.5926814929941716	0.8426120270774177	1.317001136969579	0.5926814929941716	0.0	0.06914944723614387	0.2433705487359946	0.8426120270774177	0.06914944723614387	0.0	0.12633748701794278	1.317001136969579	0.2433705487359946	0.12633748701794278	0.0
0.0	0.29688884153160716	0.5848111062490141	0.59608680720735	0.29688884153160716	0.0	0.18894128369479332	0.19773302188364764	0.5848111062490141	0.18894128369479332	0.0	0.047759735923806425	0.59608680720735	0.19773302188364764	0.047759735923806425	0.0
0.0	0.6283975940234562	0.945083620379745	1.1332699660266015	0.6283975940234562	0.0	0.05734588590996159	0.19985674319170701	0.945083620379745	0.05734588590996159	0.0	0.15327408242387316	1.1332699660266015	0.19985674319170701	0.15327408242387316	0.0
0.0	0.3278620264217389	0.41135374389364615	0.7032096783169121	0.3278620264217389	0.0	0.07426655725350235	0.48257574845975826	0.41135374389364615	0.07426655725350235	0.0	0.4421847920047193	0.7032096783169121	0.48257574845975826	0.4421847920047193	0.0
0.0	1.6337160402189017	1.6179659288780728	2.0286778141623825	1.6337160402189017	0.0	0.11098878568638523	0.17510930557597257	1.6179659288780728	0.11098878568638523	0.0	0.09401748821559486	2.0286778141623825	0.17510930557597257	0.09401748821559486	0.0
0.0	0.3810793958440917	0.7910409576342666	0.7137571414463152	0.3810793958440917	0.0	0.4648659466323561	0.34777548625533505	0.7910409576342666	0.4648659466323561	0.0	0.18806710933628326	0.7137571414463152	0.34777548625533505	0.18806710933628326	0.0
0.0	0.5467131649545015	0.9436603775301474	0.8554791791469031	0.5467131649545015	0.0	0.21687883628662988	0.3069309610470935	0.9436603775301474	0.21687883628662988	0.0	0.3482731233591424	0.8554791791469031	0.3069309610470935	0.3482731233591424	0.0
0.0	0.6130429578194299	0.6455557967002958	0.842694945422805	0.6130429578194299	0.0	0.18007791934578218	0.23473841792989972	0.6455557967002958	0.18007791934578218	0.0	0.08723625408114637	0.842694945422805	0.23473841792989972	0.08723625408114637	0.0
0.0	0.7406427512315049	0.8008955010801234	0.8611245929705632	0.7406427512315049	0.0	0.07699496119601083	0.31918572022686165	0.8008955010801234	0.07699496119601083	0.0	0.15647327257105756	0.8611245929705632	0.31918572022686165	0.15647327257105756	0.0
0.0	0.6828651023835525	0.8463231577128278	1.1930087187792995	0.6828651023835525	0.0	0.07930487436663093	0.20159023326267406	0.8463231577128278	0.07930487436663093	0.0	0.0870014896020581	1.1930087187792995	0.20159023326267406	0.0870014896020581	0.0
0.0	0.3973439786080844	0.5098851861056145	0.46617068313222015	0.3973439786080844	0.0	0.16443550559486148	0.2186971622811251	0.5098851861056145	0.16443550559486148	0.0	0.1660864471481455	0.46617068313222015	0.2186971622811251	0.1660864471481455	0.0
0.0	0.4112630476132549	0.4596757222097414	0.4806527410430103	0.4112630476132549	0.0	0.09546216362040706	0.11676788570740969	0.4596757222097414	0.09546216362040706	0.0	0.1528604826510145	0.4806527410430103	0.11676788570740969	0.1528604826510145	0.0
0.0	0.46323239446378706	0.5695109316688112	0.772646049854502	0.46323239446378706	0.0	0.03773374013505402	0.30719824070129903	0.5695109316688112	0.03773374013505402	0.0	0.2595487378443516	0.772646049854502	0.30719824070129903	0.2595487378443516	0.0
0.0	0.4663999740164195	0.5935335113941318	0.9411020097518286	0.4663999740164195	0.0	0.06315165292629886	0.18334602166487685	0.5935335113941318	0.06315165292629886	0.0	0.09594568855372174	0.9411020097518286	0.18334602166487685	0.09594568855372174	0.0
0.0	0.489361335215183	0.6618571614393558	0.5537464130463026	0.489361335215183	0.0	0.07726128241562602	0.09081980820767582	0.6618571614393558	0.07726128241562602	0.0	0.08157258959912514	0.5537464130463026	0.09081980820767582	0.08157258959912514	0.0
0.0	0.31243722209672675	0.3589056015654868	0.49613919310780386	0.31243722209672675	0.0	0.1470135829663142	0.34977933105892417	0.3589056015654868	0.1470135829663142	0.0	0.12090579852356254	0.49613919310780386	0.34977933105892417	0.12090579852356254	0.0
0.0	0.25366148103028446	1.0005193212085026	0.695400627990328	0.25366148103028446	0.0	0.5111345852969913	0.38823916276389914	1.0005193212085026	0.5111345852969913	0.0	0.42804630792550397	0.695400627990328	0.38823916276389914	0.42804630792550397	0.0
0.0	0.4308075393434088	0.7292830323677806	0.6570843885153981	0.4308075393434088	0.0	0.4376786316080827	0.4726250402369709	0.7292830323677806	0.4376786316080827	0.0	0.07819836260459603	0.6570843885153981	0.4726250402369709	0.07819836260459603	0.0
0.0	0.8335240418250333	1.3900275298352887	1.217085156474912	0.8335240418250333	0.0	0.14383614914264392	0.16694586397376796	1.3900275298352887	0.14383614914264392	0.0	0.11555303523234356	1.217085156474912	0.16694586397376796	0.11555303523234356	0.0
0.0	0.5141559711427451	0.6139584062899257	1.2271383555569055	0.5141559711427451	0.0	0.043581280494047955	0.3695246410149089	0.6139584062899257	0.043581280494047955	0.0	0.2768436064670731	1.2271383555569055	0.3695246410149089	0.2768436064670731	0.0
0.0	0.5578419112405306	0.9036668945204185	1.111229403942442	0.5578419112405306	0.0	0.1495832571823519	0.2814644676821048	0.9036668945204185	0.1495832571823519	0.0	0.27380282354050206	1.111229403942442	0.2814644676821048	0.27380282354050206	0.0
