population in sample
0	0	0	1

generation in sample
0.0	3920.0	4920.0	5620.0

expected_linearlized_fst_array
0.0	0.49	0.615	0.7775	0.49	0.0	0.125	0.2875	0.615	0.125	0.0	0.1625	0.7775	0.2875	0.1625	0.0	

mean_linearlized_fst_array
0.0	0.5430376706493658	0.6842370002614278	0.8561208017399436	0.5430376706493658	0.0	0.12793853168400335	0.3053333330263982	0.6842370002614278	0.12793853168400335	0.0	0.18032915615595538	0.8561208017399436	0.3053333330263982	0.18032915615595538	0.0

median_linearlized_fst_array
0.0	0.4965958408176976	0.6175114647985044	0.7729586970291802	0.4965958408176976	0.0	0.10453113298905634	0.25220036591717127	0.6175114647985044	0.10453113298905634	0.0	0.15060663981676778	0.7729586970291802	0.25220036591717127	0.15060663981676778	0.0

std_linearlized_fst_array
0.0	0.25242457169733395	0.30157113776522776	0.3551393311136415	0.25242457169733395	0.0	0.08298102177278566	0.18197651625033426	0.30157113776522776	0.08298102177278566	0.0	0.12865910050241222	0.3551393311136415	0.18197651625033426	0.12865910050241222	0.0

linearlized_fst_array
0.0	0.5950560329632107	0.6893621526433099	0.8871615505038388	0.5950560329632107	0.0	0.09076745103459592	0.2032620639289184	0.6893621526433099	0.09076745103459592	0.0	0.11294051553412454	0.8871615505038388	0.2032620639289184	0.11294051553412454	0.0
0.0	0.2886669208760491	0.3919803612106474	0.560232408282747	0.2886669208760491	0.0	0.0848834060294713	0.28960391729863477	0.3919803612106474	0.0848834060294713	0.0	0.24012884916451027	0.560232408282747	0.28960391729863477	0.24012884916451027	0.0
0.0	0.736163885303107	0.8024111593789649	0.9883771988590804	0.736163885303107	0.0	0.20879786762260646	0.2912648330119758	0.8024111593789649	0.20879786762260646	0.0	0.1046185068162969	0.9883771988590804	0.2912648330119758	0.1046185068162969	0.0
0.0	0.4716935858810237	0.5764321909534621	0.9415065585745106	0.4716935858810237	0.0	0.06735063660515389	0.48923179309611553	0.5764321909534621	0.06735063660515389	0.0	0.2989957816111386	0.9415065585745106	0.48923179309611553	0.2989957816111386	0.0
0.0	0.4590790787908218	0.577307564042192	0.5748179262652864	0.4590790787908218	0.0	0.07762726219623034	0.16903921511398876	0.577307564042192	0.07762726219623034	0.0	0.08403322568209061	0.5748179262652864	0.16903921511398876	0.08403322568209061	0.0
0.0	0.5727647488150679	0.6920770901418424	0.8537986421875804	0.5727647488150679	0.0	0.06909554152347941	0.18561445755636302	0.6920770901418424	0.06909554152347941	0.0	0.13050406679506268	0.8537986421875804	0.18561445755636302	0.13050406679506268	0.0
0.0	0.39668798824231927	0.35498121612341005	0.42406864203410194	0.39668798824231927	0.0	0.0687842008776683	0.34018386391423533	0.35498121612341005	0.0687842008776683	0.0	0.1837364647240114	0.42406864203410194	0.34018386391423533	0.1837364647240114	0.0
0.0	0.5274285765324727	0.5483680716699878	0.6691342179117425	0.5274285765324727	0.0	0.06950652699771083	0.26492581898546913	0.5483680716699878	0.06950652699771083	0.0	0.23573392631857312	0.6691342179117425	0.26492581898546913	0.23573392631857312	0.0
0.0	0.7709029966130342	0.9856261036183882	1.1846010343450373	0.7709029966130342	0.0	0.12892718852787907	0.39551099798617484	0.9856261036183882	0.12892718852787907	0.0	0.18054631987675454	1.1846010343450373	0.39551099798617484	0.18054631987675454	0.0
0.0	0.33137737007556095	0.4187711931738449	0.5316904519871077	0.33137737007556095	0.0	0.048586909116769376	0.10967402654020333	0.4187711931738449	0.048586909116769376	0.0	0.10155259703584976	0.5316904519871077	0.10967402654020333	0.10155259703584976	0.0
0.0	0.6959248471220558	0.7505117707675354	1.1188948459436774	0.6959248471220558	0.0	0.04709203613985993	0.17595793350623304	0.7505117707675354	0.04709203613985993	0.0	0.24837436618931685	1.1188948459436774	0.17595793350623304	0.24837436618931685	0.0
0.0	0.6027699144390458	1.304179207239979	0.9154621635853916	0.6027699144390458	0.0	0.21972152118531893	0.1374424411761068	1.304179207239979	0.21972152118531893	0.0	0.11211106893867104	0.9154621635853916	0.1374424411761068	0.11211106893867104	0.0
0.0	0.3807786430978712	0.38670468162874866	0.6149475308535328	0.3807786430978712	0.0	0.1524790476247571	0.3824764631224147	0.38670468162874866	0.1524790476247571	0.0	0.2888401679804903	0.6149475308535328	0.3824764631224147	0.2888401679804903	0.0
0.0	0.5373926257429401	0.6664942901832968	0.7679964586235746	0.5373926257429401	0.0	0.05966416155954943	0.1442001331670922	0.6664942901832968	0.05966416155954943	0.0	0.0564611930318375	0.7679964586235746	0.1442001331670922	0.0564611930318375	0.0
0.0	0.7434834059697005	0.9888682776341934	1.2657264011123097	0.7434834059697005	0.0	0.15744961104292274	0.24309636627254771	0.9888682776341934	0.15744961104292274	0.0	0.10489242651856241	1.2657264011123097	0.24309636627254771	0.10489242651856241	0.0
0.0	0.29740361699963885	0.5642874741758865	0.6136166909032897	0.29740361699963885	0.0	0.13409183526265536	0.25092378876591986	0.5642874741758865	0.13409183526265536	0.0	0.15733072014957952	0.6136166909032897	0.25092378876591986	0.15733072014957952	0.0
0.0	0.13224253957101745	0.19975403724851884	0.3695413407221464	0.13224253957101745	0.0	0.15843908786319325	0.24525792212817932	0.19975403724851884	0.15843908786319325	0.0	0.4495020231737719	0.3695413407221464	0.24525792212817932	0.4495020231737719	0.0
0.0	0.23391875503293408	0.35365585548969825	0.4547194040076529	0.23391875503293408	0.0	0.10141968566362224	0.23155580325045	0.35365585548969825	0.10141968566362224	0.0	0.08074182654281445	0.4547194040076529	0.23155580325045	0.08074182654281445	0.0
0.0	0.3943097333548989	0.4466818621296088	0.5904921941895834	0.3943097333548989	0.0	0.14151946574543622	0.3263870357702606	0.4466818621296088	0.14151946574543622	0.0	0.09556683164661035	0.5904921941895834	0.3263870357702606	0.09556683164661035	0.0
0.0	0.5817894093144105	0.6519515085780062	0.7395109978512364	0.5817894093144105	0.0	0.13070980237118668	0.2215930395319742	0.6519515085780062	0.13070980237118668	0.0	0.0838492575293836	0.7395109978512364	0.2215930395319742	0.0838492575293836	0.0
0.0	0.317901066976056	0.4121341355762343	0.5500844082856047	0.317901066976056	0.0	0.11092664297911549	0.30589332150200266	0.4121341355762343	0.11092664297911549	0.0	0.06915063918811022	0.5500844082856047	0.30589332150200266	0.06915063918811022	0.0
0.0	0.2668648804634909	0.3850590861725483	0.6886817880371608	0.2668648804634909	0.0	0.06556342775859476	0.2416145157828467	0.3850590861725483	0.06556342775859476	0.0	0.23344823906018183	0.6886817880371608	0.2416145157828467	0.23344823906018183	0.0
0.0	0.30069972225442704	0.33414969840887515	0.9751141698053356	0.30069972225442704	0.0	0.13526853723558702	0.6663753799907428	0.33414969840887515	0.13526853723558702	0.0	0.7146686535177925	0.9751141698053356	0.6663753799907428	0.7146686535177925	0.0
0.0	0.5324785709234595	0.4974536508797525	1.037038483787833	0.5324785709234595	0.0	0.10168964699361892	0.36156473995580585	0.4974536508797525	0.10168964699361892	0.0	0.3013045468475796	1.037038483787833	0.36156473995580585	0.3013045468475796	0.0
0.0	0.4298085546062927	0.5368206101415857	0.6445232042991971	0.4298085546062927	0.0	0.09903971659070522	0.22919803795632718	0.5368206101415857	0.09903971659070522	0.0	0.17345651250044333	0.6445232042991971	0.22919803795632718	0.17345651250044333	0.0
0.0	0.3226619915441733	0.46765772898571895	0.48736635134057027	0.3226619915441733	0.0	0.14212300120697735	0.21817810652861575	0.46765772898571895	0.14212300120697735	0.0	0.12563206024301965	0.48736635134057027	0.21817810652861575	0.12563206024301965	0.0
0.0	0.6400601535710775	0.7689543403900502	1.061430839703832	0.6400601535710775	0.0	0.0407271913083549	0.2661365665246401	0.7689543403900502	0.0407271913083549	0.0	0.21853107692353568	1.061430839703832	0.2661365665246401	0.21853107692353568	0.0
0.0	0.31855136385697813	0.558760174612499	0.8324716865273445	0.31855136385697813	0.0	0.2971375099382931	0.6673230795926541	0.558760174612499	0.2971375099382931	0.0	0.22084933691078604	0.8324716865273445	0.6673230795926541	0.22084933691078604	0.0
0.0	0.7589688860482919	0.7818480207118638	0.6380979177969297	0.7589688860482919	0.0	0.09175786365518163	0.15209935349547193	0.7818480207118638	0.09175786365518163	0.0	0.13543315584982954	0.6380979177969297	0.15209935349547193	0.13543315584982954	0.0
0.0	0.5250717887422123	0.5459208632705987	0.6593437737453559	0.5250717887422123	0.0	0.07564277322267221	0.1805762734421078	0.5459208632705987	0.07564277322267221	0.0	0.08890692408458313	0.6593437737453559	0.1805762734421078	0.08890692408458313	0.0
0.0	0.7585502833181554	0.7531370301681384	0.6450306213526092	0.7585502833181554	0.0	0.026839869493902803	0.25118406308061414	0.7531370301681384	0.026839869493902803	0.0	0.16609821764601274	0.6450306213526092	0.25118406308061414	0.16609821764601274	0.0
0.0	0.24217287857002534	0.4174932545290452	0.548898533333914	0.24217287857002534	0.0	0.07779548969149919	0.1346908585459163	0.4174932545290452	0.07779548969149919	0.0	0.05332727877097953	0.548898533333914	0.1346908585459163	0.05332727877097953	0.0
0.0	0.6179224564345077	0.7490983753235083	0.8719131971090216	0.6179224564345077	0.0	0.06862202446114067	0.2980058087655432	0.7490983753235083	0.06862202446114067	0.0	0.28890241561427565	0.8719131971090216	0.2980058087655432	0.28890241561427565	0.0
0.0	0.9103148532539601	1.8309624356676262	1.9247694649376512	0.9103148532539601	0.0	0.15303647741508014	0.20462612194223148	1.8309624356676262	0.15303647741508014	0.0	0.10233684496447593	1.9247694649376512	0.20462612194223148	0.10233684496447593	0.0
0.0	0.37783414057563414	0.3906627003531036	0.5134731253295497	0.37783414057563414	0.0	0.30178350876121374	0.26206526136563907	0.3906627003531036	0.30178350876121374	0.0	0.17478661958792913	0.5134731253295497	0.26206526136563907	0.17478661958792913	0.0
0.0	0.9876559385379061	1.7014910430618209	1.0878112043824195	0.9876559385379061	0.0	0.16443276962932613	0.4171263991089386	1.7014910430618209	0.16443276962932613	0.0	0.5123874039332422	1.0878112043824195	0.4171263991089386	0.5123874039332422	0.0
0.0	1.3558449065423528	1.3550479020461046	1.9307737879633984	1.3558449065423528	0.0	0.15245096069711211	0.2862459964791442	1.3550479020461046	0.15245096069711211	0.0	0.12953834440296297	1.9307737879633984	0.2862459964791442	0.12953834440296297	0.0
0.0	0.43104894575590413	0.7070924489843414	1.0587625260812388	0.43104894575590413	0.0	0.07406669552907247	0.24733979737628967	0.7070924489843414	0.07406669552907247	0.0	0.09816503913649381	1.0587625260812388	0.24733979737628967	0.09816503913649381	0.0
0.0	0.5488309159047994	0.6994801413049637	1.0506243995649531	0.5488309159047994	0.0	0.06036578024590754	0.16277775962573207	0.6994801413049637	0.06036578024590754	0.0	0.0440598171767822	1.0506243995649531	0.16277775962573207	0.0440598171767822	0.0
0.0	0.663459606709249	0.7569490053464403	0.752487866763381	0.663459606709249	0.0	0.05277520298775283	0.2660328856401586	0.7569490053464403	0.05277520298775283	0.0	0.1891673211933968	0.752487866763381	0.2660328856401586	0.1891673211933968	0.0
0.0	0.4109729698246024	0.41393413965388454	0.6449729553671675	0.4109729698246024	0.0	0.09525106378330661	0.15321413511760662	0.41393413965388454	0.09525106378330661	0.0	0.12491347189432704	0.6449729553671675	0.15321413511760662	0.12491347189432704	0.0
0.0	1.281359473455394	1.0643039467276512	1.542681917420426	1.281359473455394	0.0	0.39123305744148584	0.6918278199566196	1.0643039467276512	0.39123305744148584	0.0	0.1112408188887696	1.542681917420426	0.6918278199566196	0.1112408188887696	0.0
0.0	0.3816364878400339	0.5167138721844279	0.7743953384649612	0.3816364878400339	0.0	0.05741983387521973	0.22225585541518245	0.5167138721844279	0.05741983387521973	0.0	0.14428808266300153	0.7743953384649612	0.22225585541518245	0.14428808266300153	0.0
0.0	0.37523102482565607	0.5261805505376035	0.8008813828908697	0.37523102482565607	0.0	0.07709765083129883	0.4693071598181229	0.5261805505376035	0.07709765083129883	0.0	0.3863884522086775	0.8008813828908697	0.4693071598181229	0.3863884522086775	0.0
0.0	0.5745244663461364	0.547174366014776	0.7363115102368563	0.5745244663461364	0.0	0.141374996898619	0.23737372441688157	0.547174366014776	0.141374996898619	0.0	0.11162832909847317	0.7363115102368563	0.23737372441688157	0.11162832909847317	0.0
0.0	0.2647508583827541	0.4088947292449684	0.5491545736445513	0.2647508583827541	0.0	0.14398981099595035	0.28885750754168094	0.4088947292449684	0.14398981099595035	0.0	0.1226703608764448	0.5491545736445513	0.28885750754168094	0.1226703608764448	0.0
0.0	0.7397283593685383	0.6284013110503439	0.7960932725094827	0.7397283593685383	0.0	0.12112934901755051	0.34100335471411325	0.6284013110503439	0.12112934901755051	0.0	0.14594348934524567	0.7960932725094827	0.34100335471411325	0.14594348934524567	0.0
0.0	0.8361077076626809	0.7417479419554217	0.9473469662416965	0.8361077076626809	0.0	0.11347040895320622	0.3392915821821187	0.7417479419554217	0.11347040895320622	0.0	0.1790296234694263	0.9473469662416965	0.3392915821821187	0.1790296234694263	0.0
0.0	1.021753599679418	1.555975303442184	1.5668242592152686	1.021753599679418	0.0	0.11327914141572035	0.15003042610183054	1.555975303442184	0.11327914141572035	0.0	0.215474094738691	1.5668242592152686	0.15003042610183054	0.215474094738691	0.0
0.0	0.8376240605094284	0.9968299517614784	1.0269379110976256	0.8376240605094284	0.0	0.04460688403554616	0.08872360445447937	0.9968299517614784	0.04460688403554616	0.0	0.05015190103263542	1.0269379110976256	0.08872360445447937	0.05015190103263542	0.0
0.0	0.4039276096448616	0.584137159875364	0.8174661028623096	0.4039276096448616	0.0	0.09819464117420443	0.3763168763784527	0.584137159875364	0.09819464117420443	0.0	0.2024895826880728	0.8174661028623096	0.3763168763784527	0.2024895826880728	0.0
0.0	0.5497060290988535	0.7291900322961774	0.8023267984538933	0.5497060290988535	0.0	0.0798907255811039	0.2005865172110063	0.7291900322961774	0.0798907255811039	0.0	0.13913843000334197	0.8023267984538933	0.2005865172110063	0.13913843000334197	0.0
0.0	0.6206382612133253	0.8615052794506556	1.0289506307752498	0.6206382612133253	0.0	0.4394786294242308	0.6489819498379144	0.8615052794506556	0.4394786294242308	0.0	0.17504125228614462	1.0289506307752498	0.6489819498379144	0.17504125228614462	0.0
0.0	0.2951392361606705	0.392941217060899	0.558562653435315	0.2951392361606705	0.0	0.21514698037425248	0.4332810432299676	0.392941217060899	0.21514698037425248	0.0	0.14313459605021567	0.558562653435315	0.4332810432299676	0.14313459605021567	0.0
0.0	0.49968463512681927	0.5143296588138626	0.5495207876964892	0.49968463512681927	0.0	0.3220108920867781	0.25014252161627404	0.5143296588138626	0.3220108920867781	0.0	0.15579471066239323	0.5495207876964892	0.25014252161627404	0.15579471066239323	0.0
0.0	0.40807421794416454	0.5476922606768571	0.9939134471991349	0.40807421794416454	0.0	0.17041045740493313	0.5962510930779786	0.5476922606768571	0.17041045740493313	0.0	0.16565743818015455	0.9939134471991349	0.5962510930779786	0.16565743818015455	0.0
0.0	0.7308470803331607	0.5459401333795755	0.6788566684319547	0.7308470803331607	0.0	0.416135328993622	0.5214276582035546	0.5459401333795755	0.416135328993622	0.0	0.10112965037131448	0.6788566684319547	0.5214276582035546	0.10112965037131448	0.0
0.0	0.3059687132544394	0.48186417188558117	0.5234470854636728	0.3059687132544394	0.0	0.12825777077787817	0.1749625884319476	0.48186417188558117	0.12825777077787817	0.0	0.10669094706252699	0.5234470854636728	0.1749625884319476	0.10669094706252699	0.0
0.0	0.4174393371815792	0.5086854458274308	0.6326646425371985	0.4174393371815792	0.0	0.09520554048124155	0.15264212602778512	0.5086854458274308	0.09520554048124155	0.0	0.14539504916647794	0.6326646425371985	0.15264212602778512	0.14539504916647794	0.0
0.0	1.133578713250193	1.3948049230281843	1.3139421593373433	1.133578713250193	0.0	0.05578797982400003	0.11999756546794961	1.3948049230281843	0.05578797982400003	0.0	0.12581140068375243	1.3139421593373433	0.11999756546794961	0.12581140068375243	0.0
0.0	0.2550206698989871	0.33110827481340743	0.4628757935006768	0.2550206698989871	0.0	0.05371546141610892	0.1460624763355337	0.33110827481340743	0.05371546141610892	0.0	0.03855299971739004	0.4628757935006768	0.1460624763355337	0.03855299971739004	0.0
0.0	0.6407778068801974	1.0505228857372413	1.0235863647419785	0.6407778068801974	0.0	0.2561250407433759	0.2974999927866589	1.0505228857372413	0.2561250407433759	0.0	0.11056327830990641	1.0235863647419785	0.2974999927866589	0.11056327830990641	0.0
0.0	0.40089418122501286	0.2656140250207267	0.4743082759581416	0.40089418122501286	0.0	0.0733750370827925	0.5237916816783043	0.2656140250207267	0.0733750370827925	0.0	0.3190095443782985	0.4743082759581416	0.5237916816783043	0.3190095443782985	0.0
0.0	0.2836213324784027	0.31922499883708344	0.4499600298024419	0.2836213324784027	0.0	0.06706937856053179	0.2689422329639936	0.31922499883708344	0.06706937856053179	0.0	0.14522570165688367	0.4499600298024419	0.2689422329639936	0.14522570165688367	0.0
0.0	0.43952439270237204	0.8000606131700387	0.6381045850470269	0.43952439270237204	0.0	0.20437795655631985	0.18357634559339273	0.8000606131700387	0.20437795655631985	0.0	0.17544638419062308	0.6381045850470269	0.18357634559339273	0.17544638419062308	0.0
0.0	0.5264329806827321	0.6834856647297388	0.7564910760534204	0.5264329806827321	0.0	0.2735390281737903	0.30944770585916337	0.6834856647297388	0.2735390281737903	0.0	0.05823383143800876	0.7564910760534204	0.30944770585916337	0.05823383143800876	0.0
0.0	0.42089121837848786	0.39255046085721185	0.6080600747129595	0.42089121837848786	0.0	0.05646694967390909	0.4076738242101456	0.39255046085721185	0.05646694967390909	0.0	0.2335974130575879	0.6080600747129595	0.4076738242101456	0.2335974130575879	0.0
0.0	0.35029814584028823	0.35422430468145366	0.4690958519952986	0.35029814584028823	0.0	0.08253562547521219	0.19788069618378185	0.35422430468145366	0.08253562547521219	0.0	0.12411705866267853	0.4690958519952986	0.19788069618378185	0.12411705866267853	0.0
0.0	0.712642140226011	0.8209446675852986	1.2191304568096506	0.712642140226011	0.0	0.032123844482799424	0.502815097778844	0.8209446675852986	0.032123844482799424	0.0	0.4530551300607137	1.2191304568096506	0.502815097778844	0.4530551300607137	0.0
0.0	0.1654734507836863	0.44963023662555485	0.48633391771044215	0.1654734507836863	0.0	0.21979577981053505	0.29752102510882816	0.44963023662555485	0.21979577981053505	0.0	0.08457851632042962	0.48633391771044215	0.29752102510882816	0.08457851632042962	0.0
0.0	0.2943408369450257	0.5985619957603553	0.6992564581042511	0.2943408369450257	0.0	0.1477563178062785	0.2387090176479848	0.5985619957603553	0.1477563178062785	0.0	0.06358511840390503	0.6992564581042511	0.2387090176479848	0.06358511840390503	0.0
0.0	0.45494042093710746	0.5942197035775386	0.7729244693916182	0.45494042093710746	0.0	0.05226908261430506	0.18613527448613013	0.5942197035775386	0.05226908261430506	0.0	0.07420475232616171	0.7729244693916182	0.18613527448613013	0.07420475232616171	0.0
0.0	0.3295948383013435	0.41739209258159155	0.8897635895929458	0.3295948383013435	0.0	0.0642501902709165	0.5616626297475965	0.41739209258159155	0.0642501902709165	0.0	0.39318078498325115	0.8897635895929458	0.5616626297475965	0.39318078498325115	0.0
0.0	0.4844420097401775	0.5948514762851135	0.7881435913817608	0.4844420097401775	0.0	0.2208422163375866	0.3675595816662687	0.5948514762851135	0.2208422163375866	0.0	0.0812046979899308	0.7881435913817608	0.3675595816662687	0.0812046979899308	0.0
0.0	0.881471725054788	0.7856415783108999	0.8894671884004999	0.881471725054788	0.0	0.16858954611495067	0.15875674896704947	0.7856415783108999	0.16858954611495067	0.0	0.05468862297087353	0.8894671884004999	0.15875674896704947	0.05468862297087353	0.0
0.0	0.6185152863911026	0.5845743241948219	0.6855350258426439	0.6185152863911026	0.0	0.1871065015356225	0.4635007171056495	0.5845743241948219	0.1871065015356225	0.0	0.2969442623227857	0.6855350258426439	0.4635007171056495	0.2969442623227857	0.0
0.0	0.3446558606955295	0.41689681365087594	0.4447868008668778	0.3446558606955295	0.0	0.08282303559481156	0.16878590910993135	0.41689681365087594	0.08282303559481156	0.0	0.06484878703239037	0.4447868008668778	0.16878590910993135	0.06484878703239037	0.0
0.0	0.6730514914909304	0.9702375188795936	1.2450004554147753	0.6730514914909304	0.0	0.3071725546383654	0.5817452950809889	0.9702375188795936	0.3071725546383654	0.0	0.13691742195460627	1.2450004554147753	0.5817452950809889	0.13691742195460627	0.0
0.0	0.769829989022059	0.7381176010891853	0.9238196388254382	0.769829989022059	0.0	0.16185223343889005	0.38108767152058903	0.7381176010891853	0.16185223343889005	0.0	0.18177185273925642	0.9238196388254382	0.38108767152058903	0.18177185273925642	0.0
0.0	0.5070781938234594	0.4739579855437455	0.6257279503883154	0.5070781938234594	0.0	0.12841672141877392	0.18321345573811068	0.4739579855437455	0.12841672141877392	0.0	0.091483947824549	0.6257279503883154	0.18321345573811068	0.091483947824549	0.0
0.0	0.6979855630836354	0.8887666337233021	1.2835345720865183	0.6979855630836354	0.0	0.04081084105871704	0.28575514997044393	0.8887666337233021	0.04081084105871704	0.0	0.31489544084197696	1.2835345720865183	0.28575514997044393	0.31489544084197696	0.0
0.0	0.5149501553765492	0.6651079189676027	0.7939713833548541	0.5149501553765492	0.0	0.09572800278419787	0.1436270140209677	0.6651079189676027	0.09572800278419787	0.0	0.10530296384416574	0.7939713833548541	0.1436270140209677	0.10530296384416574	0.0
0.0	0.36099604383713635	0.6055766392442784	0.7235107704696848	0.36099604383713635	0.0	0.16626107201131476	0.24092085797858265	0.6055766392442784	0.16626107201131476	0.0	0.18841292505806423	0.7235107704696848	0.24092085797858265	0.18841292505806423	0.0
0.0	0.6730979412034485	0.8000445990272954	0.7950146106041245	0.6730979412034485	0.0	0.19060686414162223	0.26869181328463876	0.8000445990272954	0.19060686414162223	0.0	0.10044837738930834	0.7950146106041245	0.26869181328463876	0.10044837738930834	0.0
0.0	0.6534278918217409	0.6236993545818124	0.7285615116466624	0.6534278918217409	0.0	0.17164014009263565	0.2365963353581038	0.6236993545818124	0.17164014009263565	0.0	0.055115497911669635	0.7285615116466624	0.2365963353581038	0.055115497911669635	0.0
0.0	0.7046369573529877	1.284981177319903	1.772872478181381	0.7046369573529877	0.0	0.38553335303908026	0.8045283227887982	1.284981177319903	0.38553335303908026	0.0	0.5222603630096432	1.772872478181381	0.8045283227887982	0.5222603630096432	0.0
0.0	0.4894269933039169	0.5008144038551343	0.6682740114369973	0.4894269933039169	0.0	0.09880815451974803	0.33552076674504344	0.5008144038551343	0.09880815451974803	0.0	0.20957774594546086	0.6682740114369973	0.33552076674504344	0.20957774594546086	0.0
0.0	0.42915646846852734	0.5512651350104649	0.6737482175627899	0.42915646846852734	0.0	0.09834868414753427	0.3063646455125669	0.5512651350104649	0.09834868414753427	0.0	0.16784036797395238	0.6737482175627899	0.3063646455125669	0.16784036797395238	0.0
0.0	0.8084271711055443	0.9376540888404935	1.321367960168803	0.8084271711055443	0.0	0.0722488559721767	0.3891061214600714	0.9376540888404935	0.0722488559721767	0.0	0.45598673950483565	1.321367960168803	0.3891061214600714	0.45598673950483565	0.0
0.0	0.8020828984608629	1.3341316545833792	0.9632720964608231	0.8020828984608629	0.0	0.1397591930236146	0.2225662418195894	1.3341316545833792	0.1397591930236146	0.0	0.1609898604202988	0.9632720964608231	0.2225662418195894	0.1609898604202988	0.0
0.0	0.3702690789273086	0.4703134005546466	0.5404613374876773	0.3702690789273086	0.0	0.16141341704891593	0.30915845776168693	0.4703134005546466	0.16141341704891593	0.0	0.15266562497473174	0.5404613374876773	0.30915845776168693	0.15266562497473174	0.0
0.0	0.20226980528098132	0.8836022988476356	1.5042116216135268	0.20226980528098132	0.0	0.5047376621096199	1.0439267969284884	0.8836022988476356	0.5047376621096199	0.0	0.19827594949546348	1.5042116216135268	1.0439267969284884	0.19827594949546348	0.0
0.0	0.5196433438466951	0.703162612693345	0.676162578661412	0.5196433438466951	0.0	0.10523903342368504	0.13706109738017366	0.703162612693345	0.10523903342368504	0.0	0.15025135441435894	0.676162578661412	0.13706109738017366	0.15025135441435894	0.0
0.0	0.3743497836725191	0.5939632846102165	0.96084148633986	0.3743497836725191	0.0	0.19079353498983237	0.46100577343632904	0.5939632846102165	0.19079353498983237	0.0	0.19327250243818683	0.96084148633986	0.46100577343632904	0.19327250243818683	0.0
0.0	0.6881584936606546	0.8459049506368174	1.4776325539946724	0.6881584936606546	0.0	0.0334663142043575	0.6788169518226715	0.8459049506368174	0.0334663142043575	0.0	0.6509242291803086	1.4776325539946724	0.6788169518226715	0.6509242291803086	0.0
0.0	0.7809157125775918	0.7417306290586122	1.2364460160815782	0.7809157125775918	0.0	0.20965632801624629	0.5354975938854258	0.7417306290586122	0.20965632801624629	0.0	0.10444734133158587	1.2364460160815782	0.5354975938854258	0.10444734133158587	0.0
0.0	0.23418745700942076	0.3910320693812336	0.6798250128113669	0.23418745700942076	0.0	0.1027452614779651	0.5270675709885428	0.3910320693812336	0.1027452614779651	0.0	0.4235181345432139	0.6798250128113669	0.5270675709885428	0.4235181345432139	0.0
0.0	0.3435683271570068	0.4010811559910903	0.6116092524697084	0.3435683271570068	0.0	0.031318802629675964	0.22132869426169732	0.4010811559910903	0.031318802629675964	0.0	0.18406409891495643	0.6116092524697084	0.22132869426169732	0.18406409891495643	0.0
0.0	0.8933253172923511	0.9057090413295541	1.207197279667934	0.8933253172923511	0.0	0.030865457368860535	0.04663738176204317	0.9057090413295541	0.030865457368860535	0.0	0.038154166685206395	1.207197279667934	0.04663738176204317	0.038154166685206395	0.0
0.0	0.4660138555333872	0.5622991168137005	0.5756903081979902	0.4660138555333872	0.0	0.11990335937791922	0.13603695323202722	0.5622991168137005	0.11990335937791922	0.0	0.08592783072396047	0.5756903081979902	0.13603695323202722	0.08592783072396047	0.0
0.0	0.5422691492253825	0.5614502525428954	0.9296969899127282	0.5422691492253825	0.0	0.07275715220433311	0.21204976596371802	0.5614502525428954	0.07275715220433311	0.0	0.1997381887261683	0.9296969899127282	0.21204976596371802	0.1997381887261683	0.0
0.0	0.6774978278918558	0.8355002341976137	1.1393209772680357	0.6774978278918558	0.0	0.19020773780958458	0.47471027958593603	0.8355002341976137	0.19020773780958458	0.0	0.09212101333357459	1.1393209772680357	0.47471027958593603	0.09212101333357459	0.0
0.0	0.4752475111228848	0.7761316596822194	0.8261526486330942	0.4752475111228848	0.0	0.11289672776800144	0.23225695553106016	0.7761316596822194	0.11289672776800144	0.0	0.18048973839996335	0.8261526486330942	0.23225695553106016	0.18048973839996335	0.0
0.0	0.5407884984019091	0.6136021275654396	0.8988459167425988	0.5407884984019091	0.0	0.10389876692627692	0.5620446179372478	0.6136021275654396	0.10389876692627692	0.0	0.3678533773569456	0.8988459167425988	0.5620446179372478	0.3678533773569456	0.0
0.0	0.586227313446798	0.46910219709851153	1.0810160874603638	0.586227313446798	0.0	0.04295750976456421	0.17246051638390958	0.46910219709851153	0.04295750976456421	0.0	0.17490299126851208	1.0810160874603638	0.17246051638390958	0.17490299126851208	0.0
0.0	0.45935528786362806	0.6257778289717293	0.7134915626134584	0.45935528786362806	0.0	0.12088959758868785	0.23537730642977633	0.6257778289717293	0.12088959758868785	0.0	0.10248754378048101	0.7134915626134584	0.23537730642977633	0.10248754378048101	0.0
0.0	0.7310506122606893	1.0810765856854199	1.0572912963006382	0.7310506122606893	0.0	0.3355209160765249	0.43516011571805663	1.0810765856854199	0.3355209160765249	0.0	0.14858661108295942	1.0572912963006382	0.43516011571805663	0.14858661108295942	0.0
0.0	0.4764433856482745	0.593701697997755	0.8344801844388746	0.4764433856482745	0.0	0.08324961801181607	0.25669342478113283	0.593701697997755	0.08324961801181607	0.0	0.17600139788088223	0.8344801844388746	0.25669342478113283	0.17600139788088223	0.0
0.0	0.3560326300083612	0.5935001701755007	0.6248247385867911	0.3560326300083612	0.0	0.2631982166194813	0.4272737874192094	0.5935001701755007	0.2631982166194813	0.0	0.15394763749386747	0.6248247385867911	0.4272737874192094	0.15394763749386747	0.0
0.0	0.41993179959219556	0.566455615922821	0.8449619125496893	0.41993179959219556	0.0	0.04461002148484396	0.19616451455380904	0.566455615922821	0.04461002148484396	0.0	0.14098144126193984	0.8449619125496893	0.19616451455380904	0.14098144126193984	0.0
0.0	0.5073577994711576	0.565440390219694	0.7207877525304643	0.5073577994711576	0.0	0.16801620555212435	0.2532166687537284	0.565440390219694	0.16801620555212435	0.0	0.14077374805657947	0.7207877525304643	0.2532166687537284	0.14077374805657947	0.0
0.0	0.43964655464489555	0.7682594784320924	0.9665199114520285	0.43964655464489555	0.0	0.1483224751277244	0.2861639738586533	0.7682594784320924	0.1483224751277244	0.0	0.061485437965682885	0.9665199114520285	0.2861639738586533	0.061485437965682885	0.0
0.0	0.7061542252681698	1.232662119597163	1.2365465614733793	0.7061542252681698	0.0	0.17853167425561747	0.2432047718801384	1.232662119597163	0.17853167425561747	0.0	0.07608756927046757	1.2365465614733793	0.2432047718801384	0.07608756927046757	0.0
0.0	1.0915661530758292	1.0628791352515892	1.142443295000597	1.0915661530758292	0.0	0.20336111512958716	0.26732093852564925	1.0628791352515892	0.20336111512958716	0.0	0.08106021689356013	1.142443295000597	0.26732093852564925	0.08106021689356013	0.0
0.0	0.44206582488119023	0.46779221163122114	0.8495738850969614	0.44206582488119023	0.0	0.08002639709818223	0.22370894693186605	0.46779221163122114	0.08002639709818223	0.0	0.2672871703726643	0.8495738850969614	0.22370894693186605	0.2672871703726643	0.0
0.0	0.23367567317304713	0.2013882043595797	0.749497300259302	0.23367567317304713	0.0	0.09167752935052291	0.29770834179690514	0.2013882043595797	0.09167752935052291	0.0	0.4239529341554742	0.749497300259302	0.29770834179690514	0.4239529341554742	0.0
0.0	0.6289013625068037	0.7334761207068068	0.728095358083964	0.6289013625068037	0.0	0.08176658483433921	0.2828074236953095	0.7334761207068068	0.08176658483433921	0.0	0.15799381570020699	0.728095358083964	0.2828074236953095	0.15799381570020699	0.0
0.0	0.5217983383494607	0.5160062337362863	0.6744553420451819	0.5217983383494607	0.0	0.23940149347225775	0.511785643997837	0.5160062337362863	0.23940149347225775	0.0	0.2152759745260942	0.6744553420451819	0.511785643997837	0.2152759745260942	0.0
0.0	0.47310991406156616	0.9105706367175531	0.7823634844406828	0.47310991406156616	0.0	0.21780935805810067	0.22746450383368913	0.9105706367175531	0.21780935805810067	0.0	0.17621675456462113	0.7823634844406828	0.22746450383368913	0.17621675456462113	0.0
0.0	0.9710809094725971	1.8412656915489152	1.7933793906128488	0.9710809094725971	0.0	0.20422791753413796	0.16227972748458408	1.8412656915489152	0.20422791753413796	0.0	0.13364892541290083	1.7933793906128488	0.16227972748458408	0.13364892541290083	0.0
0.0	0.5571952653115992	0.5333163583600571	0.6630587951327314	0.5571952653115992	0.0	0.08968045744945768	0.5081304408556402	0.5333163583600571	0.08968045744945768	0.0	0.30341988732399167	0.6630587951327314	0.5081304408556402	0.30341988732399167	0.0
0.0	0.46128180418597403	0.6170779844669352	0.7079830747104416	0.46128180418597403	0.0	0.078311537318521	0.2475843190334385	0.6170779844669352	0.078311537318521	0.0	0.23492588317828259	0.7079830747104416	0.2475843190334385	0.23492588317828259	0.0
0.0	0.36398689025815906	0.5205590889023568	0.5935941198982917	0.36398689025815906	0.0	0.1597306952301382	0.20435818331466135	0.5205590889023568	0.1597306952301382	0.0	0.1569735078777753	0.5935941198982917	0.20435818331466135	0.1569735078777753	0.0
0.0	0.7269921918634911	0.8443807935570018	1.190359074554747	0.7269921918634911	0.0	0.17430700549647848	0.2689643373494571	0.8443807935570018	0.17430700549647848	0.0	0.1827088208402716	1.190359074554747	0.2689643373494571	0.1827088208402716	0.0
0.0	0.4124244453674993	0.557713301425194	0.7713849405798644	0.4124244453674993	0.0	0.08982712129771792	0.2298701893489114	0.557713301425194	0.08982712129771792	0.0	0.1762172805770716	0.7713849405798644	0.2298701893489114	0.1762172805770716	0.0
0.0	0.7177808038592836	0.7375623866930999	0.8737611806688844	0.7177808038592836	0.0	0.04601352338618531	0.1861578682138352	0.7375623866930999	0.04601352338618531	0.0	0.09351313005788794	0.8737611806688844	0.1861578682138352	0.09351313005788794	0.0
0.0	0.6613479702745867	0.8540411362585992	1.2940096686589007	0.6613479702745867	0.0	0.06753689496213068	0.3975156367671944	0.8540411362585992	0.06753689496213068	0.0	0.3275257409139635	1.2940096686589007	0.3975156367671944	0.3275257409139635	0.0
0.0	0.6129282659368839	1.4957069167213934	0.9475152034621845	0.6129282659368839	0.0	0.22265816219140988	0.13771732303317286	1.4957069167213934	0.22265816219140988	0.0	0.11488221154507189	0.9475152034621845	0.13771732303317286	0.11488221154507189	0.0
0.0	0.8416934314669261	0.9569499985537651	1.2260412789245911	0.8416934314669261	0.0	0.07272834020637652	0.20484937972696352	0.9569499985537651	0.07272834020637652	0.0	0.13338222897010868	1.2260412789245911	0.20484937972696352	0.13338222897010868	0.0
0.0	0.6216221930754366	0.8527781271112207	1.2053771666305138	0.6216221930754366	0.0	0.19812101745254515	0.6179979074454677	0.8527781271112207	0.19812101745254515	0.0	0.24913033417702893	1.2053771666305138	0.6179979074454677	0.24913033417702893	0.0
0.0	0.18452053645625544	0.36880782332578216	0.49402485455091577	0.18452053645625544	0.0	0.3037200577385602	0.37578988284678466	0.36880782332578216	0.3037200577385602	0.0	0.43890416408045707	0.49402485455091577	0.37578988284678466	0.43890416408045707	0.0
0.0	0.5075377229414955	0.8563334415822708	0.789955110380902	0.5075377229414955	0.0	0.12798653317075162	0.20151873263581713	0.8563334415822708	0.12798653317075162	0.0	0.15062410399342027	0.789955110380902	0.20151873263581713	0.15062410399342027	0.0
0.0	0.7582326549477801	1.0694188420246453	1.0688861795678914	0.7582326549477801	0.0	0.06167498664526979	0.2558767074744561	1.0694188420246453	0.06167498664526979	0.0	0.1864004454003638	1.0688861795678914	0.2558767074744561	0.1864004454003638	0.0
0.0	0.19264750698713157	0.3433612797264523	0.49188922762396525	0.19264750698713157	0.0	0.12876600235566352	0.33158369538264126	0.3433612797264523	0.12876600235566352	0.0	0.19093502966883058	0.49188922762396525	0.33158369538264126	0.19093502966883058	0.0
0.0	0.45014057123803347	0.5561854193251465	0.6706735545232875	0.45014057123803347	0.0	0.15722259319515422	0.3659090848137567	0.5561854193251465	0.15722259319515422	0.0	0.16019092652504235	0.6706735545232875	0.3659090848137567	0.16019092652504235	0.0
0.0	0.32881496883353734	0.3571935164492001	0.4386191056922427	0.32881496883353734	0.0	0.07746710173080008	0.16122423594095894	0.3571935164492001	0.07746710173080008	0.0	0.04832934393100989	0.4386191056922427	0.16122423594095894	0.04832934393100989	0.0
0.0	1.1630666392999818	1.2064882842101472	2.0767135841185063	1.1630666392999818	0.0	0.12995239075386175	0.45058813192477054	1.2064882842101472	0.12995239075386175	0.0	0.09456728324994124	2.0767135841185063	0.45058813192477054	0.09456728324994124	0.0
0.0	0.31382885996463333	0.32359908884664856	0.8221451910265111	0.31382885996463333	0.0	0.0911623339701642	0.733269567493845	0.32359908884664856	0.0911623339701642	0.0	0.5527144482188634	0.8221451910265111	0.733269567493845	0.5527144482188634	0.0
0.0	0.20182441033653892	0.2436143199417531	0.6013864745189991	0.20182441033653892	0.0	0.051952999193534265	0.5137471920590023	0.2436143199417531	0.051952999193534265	0.0	0.3797063745172159	0.6013864745189991	0.5137471920590023	0.3797063745172159	0.0
0.0	0.22646615295740208	0.2927033110651958	0.42723947469145823	0.22646615295740208	0.0	0.09240428666858705	0.3091589674301609	0.2927033110651958	0.09240428666858705	0.0	0.15058917564011529	0.42723947469145823	0.3091589674301609	0.15058917564011529	0.0
0.0	0.7522768986868852	0.8935496701859992	1.1690285091719146	0.7522768986868852	0.0	0.10319655394495861	0.24428267324238684	0.8935496701859992	0.10319655394495861	0.0	0.06465326914228499	1.1690285091719146	0.24428267324238684	0.06465326914228499	0.0
0.0	0.27605128025337394	0.2932174748686904	0.41074327646604575	0.27605128025337394	0.0	0.07792099946838098	0.16313689840394996	0.2932174748686904	0.07792099946838098	0.0	0.03233484110513047	0.41074327646604575	0.16313689840394996	0.03233484110513047	0.0
0.0	0.5471534883625465	0.6825913860348238	0.8086091801329525	0.5471534883625465	0.0	0.10743472387509835	0.18712979766718124	0.6825913860348238	0.10743472387509835	0.0	0.06545699682166685	0.8086091801329525	0.18712979766718124	0.06545699682166685	0.0
0.0	0.48732170688390053	0.5962398588099479	1.010614280268172	0.48732170688390053	0.0	0.09813878319527354	0.3236768900090456	0.5962398588099479	0.09813878319527354	0.0	0.19917797937563533	1.010614280268172	0.3236768900090456	0.19917797937563533	0.0
0.0	0.4352715395846265	0.6108959053215801	1.1004948294546595	0.4352715395846265	0.0	0.09644876775802565	0.5971339142725972	0.6108959053215801	0.09644876775802565	0.0	0.46934032097879563	1.1004948294546595	0.5971339142725972	0.46934032097879563	0.0
0.0	0.6399777784850348	0.6920340165339539	0.922070384167303	0.6399777784850348	0.0	0.17239118497631417	0.3177834599077494	0.6920340165339539	0.17239118497631417	0.0	0.13832414605052884	0.922070384167303	0.3177834599077494	0.13832414605052884	0.0
0.0	0.523566121135118	0.777929367853091	1.1824565075865698	0.523566121135118	0.0	0.10604484107399732	0.45361501177921926	0.777929367853091	0.10604484107399732	0.0	0.24253292429107964	1.1824565075865698	0.45361501177921926	0.24253292429107964	0.0
0.0	0.660532125803566	0.8044560849586442	0.8301496958014126	0.660532125803566	0.0	0.33020499019468025	0.3320751588452946	0.8044560849586442	0.33020499019468025	0.0	0.058472700472839055	0.8301496958014126	0.3320751588452946	0.058472700472839055	0.0
0.0	0.37942223579226353	0.8308182068720013	0.770805580401393	0.37942223579226353	0.0	0.2536667309054918	0.2680597315313324	0.8308182068720013	0.2536667309054918	0.0	0.16544631346915112	0.770805580401393	0.2680597315313324	0.16544631346915112	0.0
0.0	0.6945969527677264	1.1586202436502324	1.42985478148687	0.6945969527677264	0.0	0.14439684648132714	0.23652574599666787	1.1586202436502324	0.14439684648132714	0.0	0.14345600408168493	1.42985478148687	0.23652574599666787	0.14345600408168493	0.0
0.0	1.1452347295578407	1.5541239006630725	1.1888167066684259	1.1452347295578407	0.0	0.1216938850165777	0.30124603147305706	1.5541239006630725	0.1216938850165777	0.0	0.16213974396572692	1.1888167066684259	0.30124603147305706	0.16213974396572692	0.0
0.0	0.21416135996269026	0.3595909303038943	0.3597562094978708	0.21416135996269026	0.0	0.24463815774681252	0.25571319381587193	0.3595909303038943	0.24463815774681252	0.0	0.028085955056229604	0.3597562094978708	0.25571319381587193	0.028085955056229604	0.0
0.0	0.4611166768093149	0.6948557829363663	0.8535811383405185	0.4611166768093149	0.0	0.1098192426281447	0.24572072649724533	0.6948557829363663	0.1098192426281447	0.0	0.12643340338795403	0.8535811383405185	0.24572072649724533	0.12643340338795403	0.0
0.0	0.30092399672873466	0.8037130259243834	0.9680159040935421	0.30092399672873466	0.0	0.21963243171644523	0.32375377700533875	0.8037130259243834	0.21963243171644523	0.0	0.29379018688297687	0.9680159040935421	0.32375377700533875	0.29379018688297687	0.0
0.0	0.5728476798393365	0.5949880653978498	0.7677757657721473	0.5728476798393365	0.0	0.04361236371953936	0.30271430364034796	0.5949880653978498	0.04361236371953936	0.0	0.18691722163920382	0.7677757657721473	0.30271430364034796	0.18691722163920382	0.0
0.0	0.2967367489166113	0.3073261073123563	0.4864157621281136	0.2967367489166113	0.0	0.08411252602406084	0.3267648593141009	0.3073261073123563	0.08411252602406084	0.0	0.1692213741253669	0.4864157621281136	0.3267648593141009	0.1692213741253669	0.0
