population in sample
0	0	0	1

generation in sample
0.0	3920.0	4920.0	5620.0

expected_linearlized_fst_array
0.0	0.098	0.123	0.1555	0.098	0.0	0.025	0.0575	0.123	0.025	0.0	0.0325	0.1555	0.0575	0.0325	0.0	

mean_linearlized_fst_array
0.0	0.14090549277648343	0.1652337522593636	0.1836944232783712	0.14090549277648343	0.0	0.033561698933324766	0.07448279464148702	0.1652337522593636	0.033561698933324766	0.0	0.042620673620371204	0.1836944232783712	0.07448279464148702	0.042620673620371204	0.0

median_linearlized_fst_array
0.0	0.08409604464029444	0.12116876806566694	0.1071262473164726	0.08409604464029444	0.0	0.010803282204194457	0.0625694108293732	0.12116876806566694	0.010803282204194457	0.0	0.023154128281075846	0.1071262473164726	0.0625694108293732	0.023154128281075846	0.0

std_linearlized_fst_array
0.0	0.1823029698873105	0.18333213178311694	0.22466601200025835	0.1823029698873105	0.0	0.0829350989477742	0.09381837667270528	0.18333213178311694	0.0829350989477742	0.0	0.0903377782127721	0.22466601200025835	0.09381837667270528	0.0903377782127721	0.0

linearlized_fst_array
0.0	0.038049560351721155	0.02592212657775364	0.1347906854558814	0.038049560351721155	0.0	-0.015174043621700363	0.05927219300299421	0.02592212657775364	-0.015174043621700363	0.0	0.14532482002059166	0.1347906854558814	0.05927219300299421	0.14532482002059166	0.0
0.0	0.04817035161562587	0.02369157011580995	0.02640506882227996	0.04817035161562587	0.0	0.07540634252420471	0.12575704646151328	0.02369157011580995	0.07540634252420471	0.0	0.25442972751785425	0.02640506882227996	0.12575704646151328	0.25442972751785425	0.0
0.0	0.011137807169877396	-0.01920497415121524	-0.012599870565380943	0.011137807169877396	0.0	-0.0039641976910234035	-5.5124621004749485e-05	-0.01920497415121524	-0.0039641976910234035	0.0	-0.031197035935465425	-0.012599870565380943	-5.5124621004749485e-05	-0.031197035935465425	0.0
0.0	-0.003811166875862173	0.2505693430656724	0.014001238715419913	-0.003811166875862173	0.0	0.2295113404179159	0.0173874564870546	0.2505693430656724	0.2295113404179159	0.0	0.053213435599028525	0.014001238715419913	0.0173874564870546	0.053213435599028525	0.0
0.0	0.14092396074363844	0.003073904512792623	0.04451092803561937	0.14092396074363844	0.0	0.09785475925634994	0.07718515105262608	0.003073904512792623	0.09785475925634994	0.0	0.018335624747271573	0.04451092803561937	0.07718515105262608	0.018335624747271573	0.0
0.0	0.060954583443028995	0.25027985607400555	0.09267445869945919	0.060954583443028995	0.0	0.04238548245264734	-0.0198115177779222	0.25027985607400555	0.04238548245264734	0.0	-0.03293367734099641	0.09267445869945919	-0.0198115177779222	-0.03293367734099641	0.0
0.0	-0.020895632319395358	0.09680980240641107	0.029426291793297983	-0.020895632319395358	0.0	0.04781105473484202	0.011098322446974429	0.09680980240641107	0.04781105473484202	0.0	0.0076378009342391645	0.029426291793297983	0.011098322446974429	0.0076378009342391645	0.0
0.0	0.15399753645192868	0.16647817891837	0.5240787344957849	0.15399753645192868	0.0	-0.0523082114443793	0.06191058800498655	0.16647817891837	-0.0523082114443793	0.0	0.1880793090864906	0.5240787344957849	0.06191058800498655	0.1880793090864906	0.0
0.0	0.44115442059323934	0.5486123790395839	0.8724537989368664	0.44115442059323934	0.0	-0.03493688060410339	0.13018726830122396	0.5486123790395839	-0.03493688060410339	0.0	0.03056352747962727	0.8724537989368664	0.13018726830122396	0.03056352747962727	0.0
0.0	-0.0021445278837884407	0.08951968823375699	0.20513949370719667	-0.0021445278837884407	0.0	0.047806537533449635	0.15691562932224243	0.08951968823375699	0.047806537533449635	0.0	0.02484238525774014	0.20513949370719667	0.15691562932224243	0.02484238525774014	0.0
0.0	0.10558026230065887	0.1651310101748171	0.07001543426404819	0.10558026230065887	0.0	0.2091466020799994	0.24457514316664197	0.1651310101748171	0.2091466020799994	0.0	0.036745217022125486	0.07001543426404819	0.24457514316664197	0.036745217022125486	0.0
0.0	0.010213525548342052	0.024693429714712455	0.03676778125067953	0.010213525548342052	0.0	0.02210944440469708	0.02992684407243957	0.024693429714712455	0.02210944440469708	0.0	-0.04384800821062652	0.03676778125067953	0.02992684407243957	-0.04384800821062652	0.0
0.0	-0.0030505560332334068	0.18907008193451535	0.15079651069438765	-0.0030505560332334068	0.0	0.15720166867925842	0.1293407090678309	0.18907008193451535	0.15720166867925842	0.0	-0.05238730186765228	0.15079651069438765	0.1293407090678309	-0.05238730186765228	0.0
0.0	0.08364876979778861	0.04334134927856986	0.19626522327460846	0.08364876979778861	0.0	0.04457231559789743	-0.010127228461523545	0.04334134927856986	0.04457231559789743	0.0	0.14668335419267525	0.19626522327460846	-0.010127228461523545	0.14668335419267525	0.0
0.0	0.12351166749254344	0.1469243771586867	0.10113661524827149	0.12351166749254344	0.0	0.11368970443707142	0.139372079985076	0.1469243771586867	0.11368970443707142	0.0	-0.006490513021327642	0.10113661524827149	0.139372079985076	-0.006490513021327642	0.0
0.0	-0.009012221052861813	0.06065233001998756	0.023454317897343924	-0.009012221052861813	0.0	0.05690964235550828	-0.007266302747526907	0.06065233001998756	0.05690964235550828	0.0	0.023271560940807186	0.023454317897343924	-0.007266302747526907	0.023271560940807186	0.0
0.0	0.021929531801322812	-0.021089553874875513	0.19504186147658986	0.021929531801322812	0.0	-0.02305455918448624	0.1648808463071583	-0.021089553874875513	-0.02305455918448624	0.0	0.19451433147586145	0.19504186147658986	0.1648808463071583	0.19451433147586145	0.0
0.0	0.3130734800447956	0.09511918274689478	0.24619185980009375	0.3130734800447956	0.0	0.08776173035727021	0.07795350483313844	0.09511918274689478	0.08776173035727021	0.0	0.11343880933026537	0.24619185980009375	0.07795350483313844	0.11343880933026537	0.0
0.0	0.1300974930361586	0.06771558488589983	0.09416181929373633	0.1300974930361586	0.0	0.010578984989274584	0.07763567231249378	0.06771558488589983	0.010578984989274584	0.0	-0.03832341956011711	0.09416181929373633	0.07763567231249378	-0.03832341956011711	0.0
0.0	-0.02942294707324338	-0.0029407662265073676	0.03470640466348761	-0.02942294707324338	0.0	-0.010436236788084701	0.06413446520956514	-0.0029407662265073676	-0.010436236788084701	0.0	0.03745470150675415	0.03470640466348761	0.06413446520956514	0.03745470150675415	0.0
0.0	0.2700973886386377	0.13741740705600175	0.15509608284247878	0.2700973886386377	0.0	0.03639656560236945	0.19958657479441388	0.13741740705600175	0.03639656560236945	0.0	-0.021569816814260543	0.15509608284247878	0.19958657479441388	-0.021569816814260543	0.0
0.0	0.07591479441410053	0.17027538664856873	0.13793985350365456	0.07591479441410053	0.0	0.030107809278693335	0.1320534736997596	0.17027538664856873	0.030107809278693335	0.0	0.021193891716810336	0.13793985350365456	0.1320534736997596	0.021193891716810336	0.0
0.0	0.17086089458279066	0.40571659156629236	1.071047206937035	0.17086089458279066	0.0	-0.021602016352158075	0.20762684772183795	0.40571659156629236	-0.021602016352158075	0.0	0.053413969335615825	1.071047206937035	0.20762684772183795	0.053413969335615825	0.0
0.0	-0.030321563767156338	0.008374869836870176	0.30110921501707216	-0.030321563767156338	0.0	-0.04683467741934734	0.21712261017198684	0.008374869836870176	-0.04683467741934734	0.0	0.23928031863753213	0.30110921501707216	0.21712261017198684	0.23928031863753213	0.0
0.0	0.11473993939482878	0.2451847443593388	0.13023429400787526	0.11473993939482878	0.0	-0.0424482646335486	-0.05599942930517062	0.2451847443593388	-0.0424482646335486	0.0	-0.05567335889917413	0.13023429400787526	-0.05599942930517062	-0.05567335889917413	0.0
0.0	0.08264565255890756	0.11546869317208325	0.13996174335141837	0.08264565255890756	0.0	0.07246264864320716	0.09102758212103197	0.11546869317208325	0.07246264864320716	0.0	0.02002735666251089	0.13996174335141837	0.09102758212103197	0.02002735666251089	0.0
0.0	0.09844227878285378	0.2159418927808947	0.11993215896387155	0.09844227878285378	0.0	-0.01473186006765327	0.02516117910705028	0.2159418927808947	-0.01473186006765327	0.0	0.03832855076241114	0.11993215896387155	0.02516117910705028	0.03832855076241114	0.0
0.0	0.0025044300059024137	0.04185719525612611	0.08741099269327017	0.0025044300059024137	0.0	0.11021237772977589	0.002888250415863998	0.04185719525612611	0.11021237772977589	0.0	0.19407749742879712	0.08741099269327017	0.002888250415863998	0.19407749742879712	0.0
0.0	0.2835655600827617	0.06499306997368375	0.1076703731910454	0.2835655600827617	0.0	0.11805819208648524	0.3783892708623167	0.06499306997368375	0.11805819208648524	0.0	-0.036850075719457955	0.1076703731910454	0.3783892708623167	-0.036850075719457955	0.0
0.0	0.07716278648430441	0.07696940661144844	0.15797765590955795	0.07716278648430441	0.0	-0.006153773884043663	0.06986676078706792	0.07696940661144844	-0.006153773884043663	0.0	0.057713963406716945	0.15797765590955795	0.06986676078706792	0.057713963406716945	0.0
0.0	0.33225541590352325	0.24386890549181628	0.3628522934434359	0.33225541590352325	0.0	0.09127248501002155	0.06505162827645732	0.24386890549181628	0.09127248501002155	0.0	-0.013702594609773853	0.3628522934434359	0.06505162827645732	-0.013702594609773853	0.0
0.0	0.12013618819803042	0.17947773465767047	0.34422497489119347	0.12013618819803042	0.0	-0.03978826994258165	9.506695262546784e-05	0.17947773465767047	-0.03978826994258165	0.0	0.003517218660531281	0.34422497489119347	9.506695262546784e-05	0.003517218660531281	0.0
0.0	0.17212792980025424	0.10066714210124568	0.03037331835825263	0.17212792980025424	0.0	-0.04539239263184239	0.12366026425086937	0.10066714210124568	-0.04539239263184239	0.0	0.020168369549557655	0.03037331835825263	0.12366026425086937	0.020168369549557655	0.0
0.0	0.05542109046346496	0.10394848804277594	0.04644639138805179	0.05542109046346496	0.0	0.05052758674994987	0.13658285466565645	0.10394848804277594	0.05052758674994987	0.0	0.02303669562134451	0.04644639138805179	0.13658285466565645	0.02303669562134451	0.0
0.0	-0.0033581971115704766	0.01881207274603891	0.17207261380441322	-0.0033581971115704766	0.0	-0.01712886336766321	0.06273481274589511	0.01881207274603891	-0.01712886336766321	0.0	0.010451923576600259	0.17207261380441322	0.06273481274589511	0.010451923576600259	0.0
0.0	0.07271167448691951	-0.005843375382921221	-0.05054233429280328	0.07271167448691951	0.0	-0.05517835427655993	0.014003965355230878	-0.005843375382921221	-0.05517835427655993	0.0	-0.05599767282408431	-0.05054233429280328	0.014003965355230878	-0.05599767282408431	0.0
0.0	0.5133905728006093	0.26655215548613853	0.40290467008717934	0.5133905728006093	0.0	0.01226011765081432	0.12564621212955224	0.26655215548613853	0.01226011765081432	0.0	0.05546772929177329	0.40290467008717934	0.12564621212955224	0.05546772929177329	0.0
0.0	0.30472838588061835	0.14972400913052544	0.09131974285810296	0.30472838588061835	0.0	0.2542852527249656	0.09435927296913652	0.14972400913052544	0.2542852527249656	0.0	-0.03273829659891002	0.09131974285810296	0.09435927296913652	-0.03273829659891002	0.0
0.0	-0.029066812891570835	-0.002821714936777243	0.0021450962829562452	-0.029066812891570835	0.0	-0.03914946563877023	-0.04929011153774511	-0.002821714936777243	-0.03914946563877023	0.0	-0.08050602064225981	0.0021450962829562452	-0.04929011153774511	-0.08050602064225981	0.0
0.0	0.014306303301654383	-0.007919994089620666	-0.019564131344551573	0.014306303301654383	0.0	-0.026006869136280666	-0.04669011946645061	-0.007919994089620666	-0.026006869136280666	0.0	-0.031237665633017452	-0.019564131344551573	-0.04669011946645061	-0.031237665633017452	0.0
0.0	0.30092027106165914	0.16222068716962057	0.24737287506495484	0.30092027106165914	0.0	0.050495495495509746	-0.018023623315920733	0.16222068716962057	0.050495495495509746	0.0	-0.017727014042350612	0.24737287506495484	-0.018023623315920733	-0.017727014042350612	0.0
0.0	0.06364325736196505	0.12686884295925063	0.08189318280507173	0.06364325736196505	0.0	0.04845272206305298	-0.021209964412790057	0.12686884295925063	0.04845272206305298	0.0	0.10522535211267067	0.08189318280507173	-0.021209964412790057	0.10522535211267067	0.0
0.0	0.06563772740991702	-0.001354398104574201	0.026144704648637617	0.06563772740991702	0.0	0.0816718165554775	-0.057695199226725453	-0.001354398104574201	0.0816718165554775	0.0	0.0570046049791152	0.026144704648637617	-0.057695199226725453	0.0570046049791152	0.0
0.0	1.2774068868586994	0.9592144590174891	1.1529508369302008	1.2774068868586994	0.0	-0.03553194557954625	0.3447393018246302	0.9592144590174891	-0.03553194557954625	0.0	0.19155918511154127	1.1529508369302008	0.3447393018246302	0.19155918511154127	0.0
0.0	0.06582029912095383	0.034945732279284776	0.10658212144189982	0.06582029912095383	0.0	-0.026696161720738774	-0.010833616216465876	0.034945732279284776	-0.026696161720738774	0.0	-0.004788632326817788	0.10658212144189982	-0.010833616216465876	-0.004788632326817788	0.0
0.0	0.021767186993035512	0.14502360614577944	0.087603919436739	0.021767186993035512	0.0	0.09835688279351673	0.08906822385840352	0.14502360614577944	0.09835688279351673	0.0	0.05059388201988982	0.087603919436739	0.08906822385840352	0.05059388201988982	0.0
0.0	-0.04931839090070448	-0.013854655982312456	0.003909398678062801	-0.04931839090070448	0.0	-0.04055541656241893	-0.004856987031853367	-0.013854655982312456	-0.04055541656241893	0.0	-0.028994988446391118	0.003909398678062801	-0.004856987031853367	-0.028994988446391118	0.0
0.0	0.057307803183032774	0.22528676375820242	-0.040124752132166014	0.057307803183032774	0.0	0.05091016723395729	0.05834937345314558	0.22528676375820242	0.05091016723395729	0.0	0.24269391696170786	-0.040124752132166014	0.05834937345314558	0.24269391696170786	0.0
0.0	-0.03076923076926004	0.11209968139039433	-0.0015549782226909196	-0.03076923076926004	0.0	-0.026758320946052502	-0.017018573765830745	0.11209968139039433	-0.026758320946052502	0.0	0.11850322542714303	-0.0015549782226909196	-0.017018573765830745	0.11850322542714303	0.0
0.0	0.23335550453796172	0.3054933519944725	0.8746681968790804	0.23335550453796172	0.0	0.005717272579815374	0.16889426656738107	0.3054933519944725	0.005717272579815374	0.0	0.38148719334785886	0.8746681968790804	0.16889426656738107	0.38148719334785886	0.0
0.0	0.031167350926376194	0.07999631890545249	0.11673420693826594	0.031167350926376194	0.0	0.05457611167751559	0.34232078268594196	0.07999631890545249	0.05457611167751559	0.0	0.14370143851211528	0.11673420693826594	0.34232078268594196	0.14370143851211528	0.0
0.0	0.047362385321092215	0.021953065859212015	0.1740673630356435	0.047362385321092215	0.0	-0.019537529368140166	0.09964576691463838	0.021953065859212015	-0.019537529368140166	0.0	0.038150727298144615	0.1740673630356435	0.09964576691463838	0.038150727298144615	0.0
0.0	0.009698699803255165	0.10541819562193407	0.043669606980624796	0.009698699803255165	0.0	-0.03693488078477333	-0.02317173565055771	0.10541819562193407	-0.03693488078477333	0.0	0.005724391828436174	0.043669606980624796	-0.02317173565055771	0.005724391828436174	0.0
0.0	0.19726308134729953	0.2617923009704136	0.8778563656146885	0.19726308134729953	0.0	-0.005471909319216835	0.1671354254069351	0.2617923009704136	-0.005471909319216835	0.0	0.17644103834199792	0.8778563656146885	0.1671354254069351	0.17644103834199792	0.0
0.0	0.0005857999830690843	-0.007008595988574943	0.0284200330464361	0.0005857999830690843	0.0	-0.05910184220954057	-0.03689434276975346	-0.007008595988574943	-0.05910184220954057	0.0	-0.060677005666611654	0.0284200330464361	-0.03689434276975346	-0.060677005666611654	0.0
0.0	0.06978572072825295	0.16945392279723548	0.04363996804450243	0.06978572072825295	0.0	0.004311209143775009	0.026417601313062925	0.16945392279723548	0.004311209143775009	0.0	0.016970320121376937	0.04363996804450243	0.026417601313062925	0.016970320121376937	0.0
0.0	0.07522521973399027	0.40142857142848887	0.07024299525494884	0.07522521973399027	0.0	0.04316076986597952	0.056984875168302335	0.40142857142848887	0.04316076986597952	0.0	0.21848652829702156	0.07024299525494884	0.056984875168302335	0.21848652829702156	0.0
0.0	0.08853541416568532	0.09967496447969072	0.09211868050865321	0.08853541416568532	0.0	0.01102757941911433	0.005246510804923026	0.09967496447969072	0.01102757941911433	0.0	0.013752946069620678	0.09211868050865321	0.005246510804923026	0.013752946069620678	0.0
0.0	0.09493460538400829	-0.048220019052349926	0.007546284035920624	0.09493460538400829	0.0	0.029673291785532026	0.026095824749624692	-0.048220019052349926	0.029673291785532026	0.0	-0.06925332649100024	0.007546284035920624	0.026095824749624692	-0.06925332649100024	0.0
0.0	0.2570223406886468	0.43112660550450826	0.6204476282384601	0.2570223406886468	0.0	-0.004707245381809423	-0.0014781491002356468	0.43112660550450826	-0.004707245381809423	0.0	0.06624327233584737	0.6204476282384601	-0.0014781491002356468	0.06624327233584737	0.0
0.0	0.34740527182862596	0.11260765071097088	0.28821755593800436	0.34740527182862596	0.0	0.15671742239420408	0.0012831920573145542	0.11260765071097088	0.15671742239420408	0.0	0.036902176059406114	0.28821755593800436	0.0012831920573145542	0.036902176059406114	0.0
0.0	0.5015428789503362	0.05784340879606185	0.09586513572711523	0.5015428789503362	0.0	0.2054972592012218	0.3081491894741274	0.05784340879606185	0.2054972592012218	0.0	-0.05049290871111464	0.09586513572711523	0.3081491894741274	-0.05049290871111464	0.0
0.0	0.061048490336256915	0.02796789184618767	0.04666395906096802	0.061048490336256915	0.0	-0.05905981662058602	0.014850802723357844	0.02796789184618767	-0.05905981662058602	0.0	-0.03978766430738843	0.04666395906096802	0.014850802723357844	-0.03978766430738843	0.0
0.0	0.1471832395524359	0.1750584467573085	0.19901990910701609	0.1471832395524359	0.0	0.027710677634890876	-0.035540754895553264	0.1750584467573085	0.027710677634890876	0.0	-0.02946408489582086	0.19901990910701609	-0.035540754895553264	-0.02946408489582086	0.0
0.0	0.165021494038349	-0.002283528161586448	0.10850276004628842	0.165021494038349	0.0	0.0023206819434081313	0.31620699645778466	-0.002283528161586448	0.0023206819434081313	0.0	0.06385586157617076	0.10850276004628842	0.31620699645778466	0.06385586157617076	0.0
0.0	0.03778122575639802	0.09237567849112578	0.25306100205988813	0.03778122575639802	0.0	-0.00662925485033913	0.1477098094002375	0.09237567849112578	-0.00662925485033913	0.0	-0.0061966566296464826	0.25306100205988813	0.1477098094002375	-0.0061966566296464826	0.0
0.0	0.06954211114107116	0.10947738665635501	0.21796663452521678	0.06954211114107116	0.0	-0.016211417077082395	0.051377384953283235	0.10947738665635501	-0.016211417077082395	0.0	0.09368588230244243	0.21796663452521678	0.051377384953283235	0.09368588230244243	0.0
0.0	0.12302061898379103	0.29367023333762776	0.1387134353196734	0.12302061898379103	0.0	0.005294097658780458	0.08710244192970479	0.29367023333762776	0.005294097658780458	0.0	0.07446874419181528	0.1387134353196734	0.08710244192970479	0.07446874419181528	0.0
0.0	0.40216809899086714	0.31903799233184876	0.30351605153968336	0.40216809899086714	0.0	0.04949887568264088	-0.049665708363969024	0.31903799233184876	0.04949887568264088	0.0	0.026631981937776793	0.30351605153968336	-0.049665708363969024	0.026631981937776793	0.0
0.0	0.1974131108618899	0.18905145798944153	-0.024304702334488323	0.1974131108618899	0.0	0.18100795463922145	0.1654992669815051	0.18905145798944153	0.18100795463922145	0.0	0.06911890083936499	-0.024304702334488323	0.1654992669815051	0.06911890083936499	0.0
0.0	0.39377116809677054	0.5992566302432093	0.5559909248133292	0.39377116809677054	0.0	-0.05387199705465733	-0.05962824253844932	0.5992566302432093	-0.05387199705465733	0.0	-0.08124484851513854	0.5559909248133292	-0.05962824253844932	-0.08124484851513854	0.0
0.0	0.17280698665349387	0.16171436196664526	0.1885033782902273	0.17280698665349387	0.0	-0.06178435114509827	-0.019024015336714373	0.16171436196664526	-0.06178435114509827	0.0	-0.0723016905072032	0.1885033782902273	-0.019024015336714373	-0.0723016905072032	0.0
0.0	0.09323449729081179	0.2837709497206806	0.27312459927337635	0.09323449729081179	0.0	0.2017994535690906	0.029523053038251423	0.2837709497206806	0.2017994535690906	0.0	0.08593323535587596	0.27312459927337635	0.029523053038251423	0.08593323535587596	0.0
0.0	0.02237886983543696	0.2855165180911609	0.035581507077143276	0.02237886983543696	0.0	0.19703652571311203	-0.023213453423185103	0.2855165180911609	0.19703652571311203	0.0	0.0757524454476973	0.035581507077143276	-0.023213453423185103	0.0757524454476973	0.0
0.0	0.20840305565662204	0.15421707796465844	0.08443176700198082	0.20840305565662204	0.0	-0.017032551097634005	0.1674638167353583	0.15421707796465844	-0.017032551097634005	0.0	0.1486119873816995	0.08443176700198082	0.1674638167353583	0.1486119873816995	0.0
0.0	0.09031099347766126	0.11514676390157923	0.07824812764572471	0.09031099347766126	0.0	-0.010754151077559698	-0.026988173859611914	0.11514676390157923	-0.010754151077559698	0.0	-0.04203519456149128	0.07824812764572471	-0.026988173859611914	-0.04203519456149128	0.0
0.0	0.4442217896507971	0.4638188127167107	0.45984839757613927	0.4442217896507971	0.0	-0.07498415403319762	0.03483287463805773	0.4638188127167107	-0.07498415403319762	0.0	0.01872155314772877	0.45984839757613927	0.03483287463805773	0.01872155314772877	0.0
0.0	0.015641261095742275	0.045034079844164264	0.09025988380822429	0.015641261095742275	0.0	-0.011202191594670211	0.0624040089128513	0.045034079844164264	-0.011202191594670211	0.0	0.09347164129156789	0.09025988380822429	0.0624040089128513	0.09347164129156789	0.0
0.0	-0.01029253542025709	0.2332300604458187	0.16367873916015271	-0.01029253542025709	0.0	0.2649343524158009	0.15505180744191185	0.2332300604458187	0.2649343524158009	0.0	-0.037476834374409136	0.16367873916015271	0.15505180744191185	-0.037476834374409136	0.0
0.0	0.09774678434799071	0.2329937981581498	0.43728984775232776	0.09774678434799071	0.0	-0.03798541432143137	0.06946556202242479	0.2329937981581498	-0.03798541432143137	0.0	-0.049223394861973316	0.43728984775232776	0.06946556202242479	-0.049223394861973316	0.0
0.0	0.12459655658655254	0.14637399277580745	0.17771435983915848	0.12459655658655254	0.0	0.041575777307498854	0.12242260294566262	0.14637399277580745	0.041575777307498854	0.0	-0.022229825213836114	0.17771435983915848	0.12242260294566262	-0.022229825213836114	0.0
0.0	0.6829978986691607	1.1347837294426446	0.1898849896785872	0.6829978986691607	0.0	-0.03516655291607853	0.06704308937012331	1.1347837294426446	-0.03516655291607853	0.0	0.2137136988644198	0.1898849896785872	0.06704308937012331	0.2137136988644198	0.0
0.0	-0.025818284666238336	0.030275808120270295	0.010742550921597972	-0.025818284666238336	0.0	-0.04326926486760666	0.006811808760725715	0.030275808120270295	-0.04326926486760666	0.0	0.01729835953522225	0.010742550921597972	0.006811808760725715	0.01729835953522225	0.0
0.0	0.3276897133221479	0.3925230671333354	0.28478955158000485	0.3276897133221479	0.0	0.3489244077332048	0.1429497989363396	0.3925230671333354	0.3489244077332048	0.0	-0.02759767957683867	0.28478955158000485	0.1429497989363396	-0.02759767957683867	0.0
0.0	0.08454331948280026	0.19845321671075675	0.16912061315042654	0.08454331948280026	0.0	0.025372294270780058	0.1665411474735879	0.19845321671075675	0.025372294270780058	0.0	0.04159658669301117	0.16912061315042654	0.1665411474735879	0.04159658669301117	0.0
0.0	0.05927003438246903	0.06335504682363195	0.07833090949772349	0.05927003438246903	0.0	-0.019788343594401035	0.004614898324708478	0.06335504682363195	-0.019788343594401035	0.0	-0.05615664358655199	0.07833090949772349	0.004614898324708478	-0.05615664358655199	0.0
0.0	0.11663901256967935	0.10097536499699686	0.09981956171399603	0.11663901256967935	0.0	0.011941265385431133	0.06573501939935153	0.10097536499699686	0.011941265385431133	0.0	-0.009942540025527805	0.09981956171399603	0.06573501939935153	-0.009942540025527805	0.0
0.0	0.036507317689920715	0.12892207126368455	0.31519404112909	0.036507317689920715	0.0	0.05772824946273615	0.054351644358283956	0.12892207126368455	0.05772824946273615	0.0	0.07672703844219851	0.31519404112909	0.054351644358283956	0.07672703844219851	0.0
0.0	0.006549038866316162	0.09652403393028214	0.06642299385282814	0.006549038866316162	0.0	0.07687115713565007	0.13063370501176091	0.09652403393028214	0.07687115713565007	0.0	0.0834654147644361	0.06642299385282814	0.13063370501176091	0.0834654147644361	0.0
0.0	0.30451997239339407	0.2590895364638346	0.2288812342861878	0.30451997239339407	0.0	0.044892899757865784	0.06617180743724263	0.2590895364638346	0.044892899757865784	0.0	0.05127474233927102	0.2288812342861878	0.06617180743724263	0.05127474233927102	0.0
0.0	0.1007785454050902	0.14596588797267862	0.10123463310926438	0.1007785454050902	0.0	-0.053992821893260774	-0.01584505352088093	0.14596588797267862	-0.053992821893260774	0.0	-0.03365172667163776	0.10123463310926438	-0.01584505352088093	-0.03365172667163776	0.0
0.0	0.19125149164681116	0.019902381777954004	0.07620033112587969	0.19125149164681116	0.0	0.19236316777069912	-0.0151272290122378	0.019902381777954004	0.19236316777069912	0.0	0.05466596576237387	0.07620033112587969	-0.0151272290122378	0.05466596576237387	0.0
0.0	0.05078897035383847	0.007567429374901692	0.031356808974745624	0.05078897035383847	0.0	0.04033069149024128	0.11149652704693432	0.007567429374901692	0.04033069149024128	0.0	0.06784164859001153	0.031356808974745624	0.11149652704693432	0.06784164859001153	0.0
0.0	0.2582597730138512	0.2549178000877329	0.351351197506779	0.2582597730138512	0.0	-0.030533173672114246	0.07401541095891817	0.2549178000877329	-0.030533173672114246	0.0	0.11180212014137461	0.351351197506779	0.07401541095891817	0.11180212014137461	0.0
0.0	0.1891574820877949	0.18598592193059324	0.07517854390373002	0.1891574820877949	0.0	0.0036256123365667205	0.15973308309860104	0.18598592193059324	0.0036256123365667205	0.0	0.06741222664860988	0.07517854390373002	0.15973308309860104	0.06741222664860988	0.0
0.0	0.08251567819387912	0.010067628949213338	0.014383199175491931	0.08251567819387912	0.0	-0.031677135769471544	0.08071469086784273	0.010067628949213338	-0.031677135769471544	0.0	-0.035236260720818154	0.014383199175491931	0.08071469086784273	-0.035236260720818154	0.0
0.0	-0.0029522716091714566	0.26679102077558536	0.2388827493260919	-0.0029522716091714566	0.0	0.08712207833640216	0.0570277838959435	0.26679102077558536	0.08712207833640216	0.0	-0.05366853191661562	0.2388827493260919	0.0570277838959435	-0.05366853191661562	0.0
0.0	0.37523864682323066	0.518444035106562	0.02030910467076149	0.37523864682323066	0.0	-0.05186876388830426	0.20079326301252873	0.518444035106562	-0.05186876388830426	0.0	0.28906559443061675	0.02030910467076149	0.20079326301252873	0.28906559443061675	0.0
0.0	0.0008257562409360201	0.04374927452116995	0.05198017950634269	0.0008257562409360201	0.0	0.0158240798842566	0.008541558407187596	0.04374927452116995	0.0158240798842566	0.0	-0.04187699717501467	0.05198017950634269	0.008541558407187596	-0.04187699717501467	0.0
0.0	0.3571186709697032	0.26460932370314877	0.30926635641932354	0.3571186709697032	0.0	-0.013505508271186094	0.04492857462716454	0.26460932370314877	-0.013505508271186094	0.0	-0.03422064933067116	0.30926635641932354	0.04492857462716454	-0.03422064933067116	0.0
