mean_fst_array
0.0	0.2700405683205253	0.2879288443378474	0.3227125568120213	0.2700405683205253	0.0	0.023090518987147497	0.07441223506353359	0.2879288443378474	0.023090518987147497	0.0	-0.0212897769716665	0.3227125568120213	0.07441223506353359	-0.0212897769716665	0.0

median_fst_array
0.0	0.18539773633030424	0.32067510548523226	0.2852404643449416	0.18539773633030424	0.0	-0.039264828738512676	0.07249129471351665	0.32067510548523226	-0.039264828738512676	0.0	-0.03359173126614987	0.2852404643449416	0.07249129471351665	-0.03359173126614987	0.0

std_fst_array
0.0	0.12335660987638034	0.15426717767276465	0.19857511968942032	0.12335660987638034	0.0	0.10493726245845926	0.06257695234257878	0.15426717767276465	0.10493726245845926	0.0	0.03562349252121623	0.19857511968942032	0.06257695234257878	0.03562349252121623	0.0