population in sample
0	0	1

generation in sample
0.0	1000.0	1000.0

expected_linearlized_fst_array
0.0	0.025	0.07495	0.025	0.0	0.04995	0.07495	0.04995	0.0	

mean_linearlized_fst_array
0.0	0.025081896881571766	0.5426725676137024	0.025081896881571766	0.0	0.5068031975133401	0.5426725676137024	0.5068031975133401	0.0

median_linearlized_fst_array
0.0	0.024181072107549897	0.5297724457196851	0.024181072107549897	0.0	0.4945269618023251	0.5297724457196851	0.4945269618023251	0.0

std_linearlized_fst_array
0.0	0.010455487363820955	0.1196760957174257	0.010455487363820955	0.0	0.1205411113016373	0.1196760957174257	0.1205411113016373	0.0

linearlized_fst_array
0.0	0.025442120379195163	0.5044532146091969	0.025442120379195163	0.0	0.499613973216395	0.5044532146091969	0.499613973216395	0.0
0.0	0.03213779752174759	0.37987392591930047	0.03213779752174759	0.0	0.35428101225619774	0.37987392591930047	0.35428101225619774	0.0
0.0	0.019321226777900657	0.6609860152488316	0.019321226777900657	0.0	0.6712516745718285	0.6609860152488316	0.6712516745718285	0.0
0.0	0.038851300022491174	0.5510161052721539	0.038851300022491174	0.0	0.4497968677314218	0.5510161052721539	0.4497968677314218	0.0
0.0	0.014905761023668387	0.5581178442864472	0.014905761023668387	0.0	0.5724101496838	0.5581178442864472	0.5724101496838	0.0
0.0	0.019666457441139394	0.5188623500726627	0.019666457441139394	0.0	0.5212250495200246	0.5188623500726627	0.5212250495200246	0.0
0.0	0.03102737633552419	0.4187556575764485	0.03102737633552419	0.0	0.373352532610509	0.4187556575764485	0.373352532610509	0.0
0.0	0.01408388894851219	0.4297870967405354	0.01408388894851219	0.0	0.3966716108946756	0.4297870967405354	0.3966716108946756	0.0
0.0	0.026714604079925156	0.6264452765523789	0.026714604079925156	0.0	0.6342571334863569	0.6264452765523789	0.6342571334863569	0.0
0.0	0.03559569560352094	0.6622269434287676	0.03559569560352094	0.0	0.5776527636916555	0.6622269434287676	0.5776527636916555	0.0
0.0	0.021053986454082747	0.7821495030904774	0.021053986454082747	0.0	0.7051606972258433	0.7821495030904774	0.7051606972258433	0.0
0.0	0.018599884682224475	0.6244158835240894	0.018599884682224475	0.0	0.6249006910812189	0.6244158835240894	0.6249006910812189	0.0
0.0	0.02935335656253144	0.5011771163073598	0.02935335656253144	0.0	0.441120671933249	0.5011771163073598	0.441120671933249	0.0
0.0	0.01687157685281691	0.41792985081773615	0.01687157685281691	0.0	0.3399284046692501	0.41792985081773615	0.3399284046692501	0.0
0.0	0.034347207863216225	0.5806732530684237	0.034347207863216225	0.0	0.5185564944390412	0.5806732530684237	0.5185564944390412	0.0
0.0	0.03235467685542548	0.5644801009267247	0.03235467685542548	0.0	0.5724692926725812	0.5644801009267247	0.5724692926725812	0.0
0.0	0.03025102916948206	0.6518613577136	0.03025102916948206	0.0	0.6707860761004582	0.6518613577136	0.6707860761004582	0.0
0.0	0.013116218457229488	0.5753573597339328	0.013116218457229488	0.0	0.4890935625101191	0.5753573597339328	0.4890935625101191	0.0
0.0	0.033952396476284424	0.8788264630065344	0.033952396476284424	0.0	0.8035862068965001	0.8788264630065344	0.8035862068965001	0.0
0.0	0.03009063414335219	0.5627540385849547	0.03009063414335219	0.0	0.5769159357192948	0.5627540385849547	0.5769159357192948	0.0
0.0	0.039451199823398134	0.35651429154394587	0.039451199823398134	0.0	0.36979119253526743	0.35651429154394587	0.36979119253526743	0.0
0.0	0.025058365328001368	0.41507559918165615	0.025058365328001368	0.0	0.38948501704646676	0.41507559918165615	0.38948501704646676	0.0
0.0	0.045408103758369046	0.4127913594422031	0.045408103758369046	0.0	0.36747006123494674	0.4127913594422031	0.36747006123494674	0.0
0.0	0.026758365758246402	0.5081314106854485	0.026758365758246402	0.0	0.46301069189711486	0.5081314106854485	0.46301069189711486	0.0
0.0	0.01835620499589804	0.43123326052530253	0.01835620499589804	0.0	0.45851532521671223	0.43123326052530253	0.45851532521671223	0.0
0.0	0.028802890306828012	0.7994574014945156	0.028802890306828012	0.0	0.7665773170255118	0.7994574014945156	0.7665773170255118	0.0
0.0	0.030410095780930815	0.4788242048322952	0.030410095780930815	0.0	0.4556356298644974	0.4788242048322952	0.4556356298644974	0.0
0.0	0.044902124726119555	0.5150359199606087	0.044902124726119555	0.0	0.5413725232908929	0.5150359199606087	0.5413725232908929	0.0
0.0	0.03418092815588401	0.7261448628930868	0.03418092815588401	0.0	0.6599814623738348	0.7261448628930868	0.6599814623738348	0.0
0.0	0.02191786737969289	0.4437219229639905	0.02191786737969289	0.0	0.4121571534469855	0.4437219229639905	0.4121571534469855	0.0
0.0	0.02515084478559711	0.4468938731222076	0.02515084478559711	0.0	0.3796928250784326	0.4468938731222076	0.3796928250784326	0.0
0.0	0.03703109074414613	0.4300760012722557	0.03703109074414613	0.0	0.34415044196660743	0.4300760012722557	0.34415044196660743	0.0
0.0	0.015069926247373978	0.3731002756756059	0.015069926247373978	0.0	0.30169786317705555	0.3731002756756059	0.30169786317705555	0.0
0.0	0.01799377102841764	0.408157720143403	0.01799377102841764	0.0	0.3628210445713574	0.408157720143403	0.3628210445713574	0.0
0.0	0.02819932377518484	0.5245795850303505	0.02819932377518484	0.0	0.4389013105282785	0.5245795850303505	0.4389013105282785	0.0
0.0	0.008955090060661692	0.43519409379338714	0.008955090060661692	0.0	0.36294453684285416	0.43519409379338714	0.36294453684285416	0.0
0.0	0.03190128899345618	0.4216602791553185	0.03190128899345618	0.0	0.36092296015178826	0.4216602791553185	0.36092296015178826	0.0
0.0	0.019956081911687944	0.5967468060377361	0.019956081911687944	0.0	0.5402268311718462	0.5967468060377361	0.5402268311718462	0.0
0.0	0.02485699813588997	0.6060140963580851	0.02485699813588997	0.0	0.5794444544846532	0.6060140963580851	0.5794444544846532	0.0
0.0	0.027256724921438	0.31293918233227497	0.027256724921438	0.0	0.25510664589263937	0.31293918233227497	0.25510664589263937	0.0
0.0	0.021076697014204115	0.6830365212110394	0.021076697014204115	0.0	0.5992151983537977	0.6830365212110394	0.5992151983537977	0.0
0.0	0.009475468851389479	0.6292119398962205	0.009475468851389479	0.0	0.560597595044319	0.6292119398962205	0.560597595044319	0.0
0.0	0.030624011244549443	0.5845678523377709	0.030624011244549443	0.0	0.6099116797358303	0.5845678523377709	0.6099116797358303	0.0
0.0	0.028732778047064415	0.568248992268914	0.028732778047064415	0.0	0.546190605300605	0.568248992268914	0.546190605300605	0.0
0.0	0.010321878263629312	0.5090096674117397	0.010321878263629312	0.0	0.48002358704523207	0.5090096674117397	0.48002358704523207	0.0
0.0	0.022932867387636165	0.6272411228867053	0.022932867387636165	0.0	0.609941339919704	0.6272411228867053	0.609941339919704	0.0
0.0	0.020993897840503734	0.443956768565725	0.020993897840503734	0.0	0.42764521106577547	0.443956768565725	0.42764521106577547	0.0
0.0	0.01655254963801724	0.4374017692807162	0.01655254963801724	0.0	0.40847868776711693	0.4374017692807162	0.40847868776711693	0.0
0.0	0.012833350326128245	0.4228128837577852	0.012833350326128245	0.0	0.40557300575336996	0.4228128837577852	0.40557300575336996	0.0
0.0	0.051404415719024585	0.38850564746097754	0.051404415719024585	0.0	0.4273175937041286	0.38850564746097754	0.4273175937041286	0.0
0.0	0.010828891345543787	0.39577472647774165	0.010828891345543787	0.0	0.3684117331165714	0.39577472647774165	0.3684117331165714	0.0
0.0	0.05517680685675299	0.7987495660191433	0.05517680685675299	0.0	0.7203510494660478	0.7987495660191433	0.7203510494660478	0.0
0.0	0.029829924170867703	0.6127268796706073	0.029829924170867703	0.0	0.5956998947526605	0.6127268796706073	0.5956998947526605	0.0
0.0	0.02988454873351985	0.4439758458452821	0.02988454873351985	0.0	0.4837554193451758	0.4439758458452821	0.4837554193451758	0.0
0.0	0.04068444379457334	0.561633377452318	0.04068444379457334	0.0	0.5665934700027102	0.561633377452318	0.5665934700027102	0.0
0.0	0.027704723250143656	0.653940644984416	0.027704723250143656	0.0	0.6343057904154834	0.653940644984416	0.6343057904154834	0.0
0.0	0.008407873463593837	0.67552667629659	0.008407873463593837	0.0	0.615590687977731	0.67552667629659	0.615590687977731	0.0
0.0	0.01533073965897511	0.5265328021078082	0.01533073965897511	0.0	0.53545042778056	0.5265328021078082	0.53545042778056	0.0
0.0	0.031094933963003175	0.5437285087556865	0.031094933963003175	0.0	0.5184965412197667	0.5437285087556865	0.5184965412197667	0.0
0.0	0.03992909226389264	0.474734359744365	0.03992909226389264	0.0	0.42173312459709944	0.474734359744365	0.42173312459709944	0.0
0.0	0.0029336047936546748	0.4707889640776503	0.0029336047936546748	0.0	0.41056149732619407	0.4707889640776503	0.41056149732619407	0.0
0.0	0.026397059103880283	0.49283202554477495	0.026397059103880283	0.0	0.42844913771557075	0.49283202554477495	0.42844913771557075	0.0
0.0	0.016890321694436213	0.6456552221660332	0.016890321694436213	0.0	0.6478164884442658	0.6456552221660332	0.6478164884442658	0.0
0.0	0.024577795995318084	0.46454758673805396	0.024577795995318084	0.0	0.40055393989750865	0.46454758673805396	0.40055393989750865	0.0
0.0	0.024222273372528025	0.44458051218161865	0.024222273372528025	0.0	0.3846131639722882	0.44458051218161865	0.3846131639722882	0.0
0.0	0.025833167605389503	0.5752775901416133	0.025833167605389503	0.0	0.6102528212754481	0.5752775901416133	0.6102528212754481	0.0
0.0	0.025101259898744243	0.5570361064941061	0.025101259898744243	0.0	0.49262982395918425	0.5570361064941061	0.49262982395918425	0.0
0.0	0.018611982760930446	0.6304693184942067	0.018611982760930446	0.0	0.556449015806229	0.6304693184942067	0.556449015806229	0.0
0.0	0.025847913443173675	0.4587118369312381	0.025847913443173675	0.0	0.39290624953795505	0.4587118369312381	0.39290624953795505	0.0
0.0	0.044516792184288875	0.5773841381514807	0.044516792184288875	0.0	0.5203574138076215	0.5773841381514807	0.5203574138076215	0.0
0.0	0.0334018756865356	0.6590431009304208	0.0334018756865356	0.0	0.5838853283186692	0.6590431009304208	0.5838853283186692	0.0
0.0	0.02241586718805908	0.405747507876404	0.02241586718805908	0.0	0.35247818668587405	0.405747507876404	0.35247818668587405	0.0
0.0	0.04231269845830371	0.6543410911557317	0.04231269845830371	0.0	0.6691035129432608	0.6543410911557317	0.6691035129432608	0.0
0.0	0.03148898382905757	0.48842640686272887	0.03148898382905757	0.0	0.37518817953720923	0.48842640686272887	0.37518817953720923	0.0
0.0	0.006070193896332646	0.5952445439303419	0.006070193896332646	0.0	0.5570136605109738	0.5952445439303419	0.5570136605109738	0.0
0.0	0.03283851989152119	0.490679958216193	0.03283851989152119	0.0	0.45226650441130384	0.490679958216193	0.45226650441130384	0.0
0.0	0.006432167013550732	0.47620880433234175	0.006432167013550732	0.0	0.42924285188364614	0.47620880433234175	0.42924285188364614	0.0
0.0	0.0202684829714109	0.4326302274242871	0.0202684829714109	0.0	0.40873504371833697	0.4326302274242871	0.40873504371833697	0.0
0.0	0.02023451034663858	0.5949290148570999	0.02023451034663858	0.0	0.5199470042690811	0.5949290148570999	0.5199470042690811	0.0
0.0	0.022351522507099833	0.39795727341980763	0.022351522507099833	0.0	0.35205503058849397	0.39795727341980763	0.35205503058849397	0.0
0.0	0.026147303591759923	0.4852079114346292	0.026147303591759923	0.0	0.41802917232019116	0.4852079114346292	0.41802917232019116	0.0
0.0	0.03093543822378233	0.6633008294297309	0.03093543822378233	0.0	0.6309122537924602	0.6633008294297309	0.6309122537924602	0.0
0.0	0.019633199612742343	0.3796920394294789	0.019633199612742343	0.0	0.3759486264298711	0.3796920394294789	0.3759486264298711	0.0
0.0	0.05272579566631117	0.5624422498199385	0.05272579566631117	0.0	0.5987184062814139	0.5624422498199385	0.5987184062814139	0.0
0.0	0.049264529812538475	0.38677640994175133	0.049264529812538475	0.0	0.3430614922340954	0.38677640994175133	0.3430614922340954	0.0
0.0	0.02948053496366421	0.5656350318964303	0.02948053496366421	0.0	0.5547162703084282	0.5656350318964303	0.5547162703084282	0.0
0.0	0.030571780364936282	0.6534795408367716	0.030571780364936282	0.0	0.6073178107045621	0.6534795408367716	0.6073178107045621	0.0
0.0	0.02363267120419665	0.6074867207913849	0.02363267120419665	0.0	0.5771089675857942	0.6074867207913849	0.5771089675857942	0.0
0.0	0.02359282109891421	0.5535971444974371	0.02359282109891421	0.0	0.5855760440204704	0.5535971444974371	0.5855760440204704	0.0
0.0	0.019032646303975626	0.5591006510993803	0.019032646303975626	0.0	0.5250137650857513	0.5591006510993803	0.5250137650857513	0.0
0.0	0.040986754064774755	0.4931781096757631	0.040986754064774755	0.0	0.5003002533387382	0.4931781096757631	0.5003002533387382	0.0
0.0	0.021859979418597773	0.6249966767871377	0.021859979418597773	0.0	0.5942350332594134	0.6249966767871377	0.5942350332594134	0.0
0.0	0.021321457153606446	0.46954991444081345	0.021321457153606446	0.0	0.4470938124361134	0.46954991444081345	0.4470938124361134	0.0
0.0	0.05261106359249744	0.4801135821283905	0.05261106359249744	0.0	0.4721561784273086	0.4801135821283905	0.4721561784273086	0.0
0.0	0.016931065257227457	0.46833774941533907	0.016931065257227457	0.0	0.4517917570498691	0.46833774941533907	0.4517917570498691	0.0
0.0	0.013964831981896122	0.5858271816181655	0.013964831981896122	0.0	0.4930901569991297	0.5858271816181655	0.4930901569991297	0.0
0.0	0.018953588524033983	0.5870730460371872	0.018953588524033983	0.0	0.5056868836957773	0.5870730460371872	0.5056868836957773	0.0
0.0	0.013970643908435543	0.7077607309109692	0.013970643908435543	0.0	0.6971642222382426	0.7077607309109692	0.6971642222382426	0.0
0.0	0.028065418935632348	0.7831518956034093	0.028065418935632348	0.0	0.7526366251198096	0.7831518956034093	0.7526366251198096	0.0
0.0	0.016969521248593265	0.6088533192567878	0.016969521248593265	0.0	0.5701401936695859	0.6088533192567878	0.5701401936695859	0.0
0.0	0.057162883087963384	0.4933526835853961	0.057162883087963384	0.0	0.5008553211341976	0.4933526835853961	0.5008553211341976	0.0
0.0	0.01810563783735564	0.5421541260969943	0.01810563783735564	0.0	0.522482528240474	0.5421541260969943	0.522482528240474	0.0
0.0	0.015775724185038757	0.6162892476661676	0.015775724185038757	0.0	0.6160651713772151	0.6162892476661676	0.6160651713772151	0.0
0.0	0.03738508270071444	0.5741725589430943	0.03738508270071444	0.0	0.5272318299620152	0.5741725589430943	0.5272318299620152	0.0
0.0	0.022431299230447684	0.7636105217884845	0.022431299230447684	0.0	0.7110953637925561	0.7636105217884845	0.7110953637925561	0.0
0.0	0.03195220206066013	0.4421008865225272	0.03195220206066013	0.0	0.38348477073082177	0.4421008865225272	0.38348477073082177	0.0
0.0	0.013972010780082388	0.47938778163755424	0.013972010780082388	0.0	0.42274940653719834	0.47938778163755424	0.42274940653719834	0.0
0.0	0.024639352801306726	0.2987682653811564	0.024639352801306726	0.0	0.228670275550483	0.2987682653811564	0.228670275550483	0.0
0.0	0.021365092182889695	0.5997194221811911	0.021365092182889695	0.0	0.590069149108821	0.5997194221811911	0.590069149108821	0.0
0.0	0.01748220140451175	0.6528955633247356	0.01748220140451175	0.0	0.6133152961638608	0.6528955633247356	0.6133152961638608	0.0
0.0	0.022401525354582556	0.47981883619161264	0.022401525354582556	0.0	0.4105667599425599	0.47981883619161264	0.4105667599425599	0.0
0.0	0.020360045129531667	0.5148792210088033	0.020360045129531667	0.0	0.45218905790616626	0.5148792210088033	0.45218905790616626	0.0
0.0	0.02830798682009183	0.45509782144002475	0.02830798682009183	0.0	0.40530453288547463	0.45509782144002475	0.40530453288547463	0.0
0.0	0.033353303894958525	0.6342234524918097	0.033353303894958525	0.0	0.5862198071634355	0.6342234524918097	0.5862198071634355	0.0
0.0	0.017093243553623055	0.3784283956569108	0.017093243553623055	0.0	0.3823876884812572	0.3784283956569108	0.3823876884812572	0.0
0.0	0.02647531042931625	0.5414606774365384	0.02647531042931625	0.0	0.45589306277425073	0.5414606774365384	0.45589306277425073	0.0
0.0	0.03326692728304519	0.483067681839222	0.03326692728304519	0.0	0.5172494876153679	0.483067681839222	0.5172494876153679	0.0
0.0	0.017321731770159974	0.6999447286235186	0.017321731770159974	0.0	0.7048511207761521	0.6999447286235186	0.7048511207761521	0.0
0.0	0.011208059104042507	0.5310391379816861	0.011208059104042507	0.0	0.5357465135356755	0.5310391379816861	0.5357465135356755	0.0
0.0	0.012163792884559417	0.529000017410165	0.012163792884559417	0.0	0.4910187978649057	0.529000017410165	0.4910187978649057	0.0
0.0	0.011777494991550353	0.6286395922626989	0.011777494991550353	0.0	0.525493633511689	0.6286395922626989	0.525493633511689	0.0
0.0	0.020942497374800334	0.3097584002823213	0.020942497374800334	0.0	0.23929804205946167	0.3097584002823213	0.23929804205946167	0.0
0.0	0.02204790377203524	0.6237091768555384	0.02204790377203524	0.0	0.5874392136575058	0.6237091768555384	0.5874392136575058	0.0
0.0	0.023048664701521383	0.4930012447087643	0.023048664701521383	0.0	0.44159873293891644	0.4930012447087643	0.44159873293891644	0.0
0.0	0.014118487334662425	0.6735136817330437	0.014118487334662425	0.0	0.5963580123727433	0.6735136817330437	0.5963580123727433	0.0
0.0	0.04988107588955949	0.47020853378291094	0.04988107588955949	0.0	0.44563152110087034	0.47020853378291094	0.44563152110087034	0.0
0.0	0.027660955730663055	0.527771991401951	0.027660955730663055	0.0	0.5929516419654516	0.527771991401951	0.5929516419654516	0.0
0.0	0.015145973981699276	0.5831145977731617	0.015145973981699276	0.0	0.5353466328667169	0.5831145977731617	0.5353466328667169	0.0
0.0	0.020218054257720393	0.7914061728263203	0.020218054257720393	0.0	0.7356449176317946	0.7914061728263203	0.7356449176317946	0.0
0.0	0.023470016930799472	0.5174675236174681	0.023470016930799472	0.0	0.5081770606192596	0.5174675236174681	0.5081770606192596	0.0
0.0	0.03863519292669467	0.3756169803637239	0.03863519292669467	0.0	0.32657781599311875	0.3756169803637239	0.32657781599311875	0.0
0.0	0.023694373331601695	0.5245290805061472	0.023694373331601695	0.0	0.46410028682495597	0.5245290805061472	0.46410028682495597	0.0
0.0	0.014641515198988462	0.6199564320908724	0.014641515198988462	0.0	0.6351133372951607	0.6199564320908724	0.6351133372951607	0.0
0.0	0.031971945354865014	0.5350052811965428	0.031971945354865014	0.0	0.4248085513720359	0.5350052811965428	0.4248085513720359	0.0
0.0	0.03650956418690427	0.4951872818522016	0.03650956418690427	0.0	0.4428616382317656	0.4951872818522016	0.4428616382317656	0.0
0.0	0.03532335260935371	0.35268789215465857	0.03532335260935371	0.0	0.33504820383333866	0.35268789215465857	0.33504820383333866	0.0
0.0	0.01762724172271111	0.495755240239715	0.01762724172271111	0.0	0.486206568300791	0.495755240239715	0.486206568300791	0.0
0.0	0.0182501981087821	0.5996808272400636	0.0182501981087821	0.0	0.5462208877708126	0.5996808272400636	0.5462208877708126	0.0
0.0	0.0407213354367442	0.5814926011875808	0.0407213354367442	0.0	0.5945055303598525	0.5814926011875808	0.5945055303598525	0.0
0.0	0.03993343733173298	0.3596880846064786	0.03993343733173298	0.0	0.3328650646949954	0.3596880846064786	0.3328650646949954	0.0
0.0	0.02463081558380169	0.4900662237416389	0.02463081558380169	0.0	0.433119573951802	0.4900662237416389	0.433119573951802	0.0
0.0	0.02689888794767328	0.3236407204247121	0.02689888794767328	0.0	0.29165252755506443	0.3236407204247121	0.29165252755506443	0.0
0.0	0.01780508144818149	0.6348977582924206	0.01780508144818149	0.0	0.6437452500379772	0.6348977582924206	0.6437452500379772	0.0
0.0	0.026633193605474295	0.5905749086879508	0.026633193605474295	0.0	0.5065727779577371	0.5905749086879508	0.5065727779577371	0.0
0.0	0.030221750552862133	0.49884443640038556	0.030221750552862133	0.0	0.435238570844856	0.49884443640038556	0.435238570844856	0.0
0.0	0.02706715217707774	0.5283250449948474	0.02706715217707774	0.0	0.4778179428195681	0.5283250449948474	0.4778179428195681	0.0
0.0	0.027748221436374308	0.48821053699885447	0.027748221436374308	0.0	0.5068851877576668	0.48821053699885447	0.5068851877576668	0.0
0.0	0.012142747800768726	0.5215574879711964	0.012142747800768726	0.0	0.5040549988347655	0.5215574879711964	0.5040549988347655	0.0
0.0	0.026275145038257203	0.4423589950142614	0.026275145038257203	0.0	0.4557428103355848	0.4423589950142614	0.4557428103355848	0.0
0.0	0.05040932162691325	0.3153985051013931	0.05040932162691325	0.0	0.31106114084025066	0.3153985051013931	0.31106114084025066	0.0
0.0	0.04254773248502374	0.5011964717694953	0.04254773248502374	0.0	0.5315254237287952	0.5011964717694953	0.5315254237287952	0.0
0.0	0.020789277158113344	0.6082992590653152	0.020789277158113344	0.0	0.5898271785821085	0.6082992590653152	0.5898271785821085	0.0
0.0	0.009521042146965746	0.5473337649151764	0.009521042146965746	0.0	0.5128654217642885	0.5473337649151764	0.5128654217642885	0.0
0.0	0.027769336516813802	0.3994341482099162	0.027769336516813802	0.0	0.36241715399608565	0.3994341482099162	0.36241715399608565	0.0
0.0	0.03091112217907791	0.49793098507739714	0.03091112217907791	0.0	0.47408561017280737	0.49793098507739714	0.47408561017280737	0.0
0.0	0.026019369802542144	0.45532967156180193	0.026019369802542144	0.0	0.45532903931456015	0.45532967156180193	0.45532903931456015	0.0
0.0	0.008896030689502501	0.5789688225072049	0.008896030689502501	0.0	0.4638022966477344	0.5789688225072049	0.4638022966477344	0.0
0.0	0.017073124791970002	0.628728916257786	0.017073124791970002	0.0	0.5883576789064332	0.628728916257786	0.5883576789064332	0.0
0.0	0.04017595082718298	0.5764984831783179	0.04017595082718298	0.0	0.5460789766406658	0.5764984831783179	0.5460789766406658	0.0
0.0	0.03193970622624143	0.49857396852684027	0.03193970622624143	0.0	0.4561505900461557	0.49857396852684027	0.4561505900461557	0.0
0.0	0.005413401687382466	0.46746889978404715	0.005413401687382466	0.0	0.4477896887723033	0.46746889978404715	0.4477896887723033	0.0
0.0	0.035452967576903006	0.6183728922799656	0.035452967576903006	0.0	0.530056833558857	0.6183728922799656	0.530056833558857	0.0
0.0	0.019795118981859004	0.46452862538693795	0.019795118981859004	0.0	0.4648108989849943	0.46452862538693795	0.4648108989849943	0.0
0.0	0.006783528843898338	0.57440123240243	0.006783528843898338	0.0	0.5404276213006702	0.57440123240243	0.5404276213006702	0.0
0.0	0.0330104209058634	0.4664767984025687	0.0330104209058634	0.0	0.3884077736106166	0.4664767984025687	0.3884077736106166	0.0
0.0	0.01922466057859468	0.4385000892236643	0.01922466057859468	0.0	0.4029992200261767	0.4385000892236643	0.4029992200261767	0.0
0.0	0.025293567718889232	0.5149068940545173	0.025293567718889232	0.0	0.46906999450779996	0.5149068940545173	0.46906999450779996	0.0
0.0	0.026253507467055598	0.5153775457584825	0.026253507467055598	0.0	0.5151185675108716	0.5153775457584825	0.5151185675108716	0.0
0.0	0.029744810493499804	0.5559945024485557	0.029744810493499804	0.0	0.5116177808263899	0.5559945024485557	0.5116177808263899	0.0
0.0	0.03420579834197601	0.48781160255132633	0.03420579834197601	0.0	0.43650728439148134	0.48781160255132633	0.43650728439148134	0.0
0.0	0.012647840393640305	0.666343899535501	0.012647840393640305	0.0	0.6123608054396297	0.666343899535501	0.6123608054396297	0.0
0.0	0.025154974442023772	0.6605595094585606	0.025154974442023772	0.0	0.6568099028601794	0.6605595094585606	0.6568099028601794	0.0
0.0	0.028309186876539716	0.6097569234569148	0.028309186876539716	0.0	0.49994785329392954	0.6097569234569148	0.49994785329392954	0.0
0.0	0.02014783524639018	0.7554930490876604	0.02014783524639018	0.0	0.7494529658801844	0.7554930490876604	0.7494529658801844	0.0
0.0	0.03951586471905545	0.3047660279103065	0.03951586471905545	0.0	0.30272432737003113	0.3047660279103065	0.30272432737003113	0.0
0.0	0.022104436135315274	0.6430512740519813	0.022104436135315274	0.0	0.5255571464143237	0.6430512740519813	0.5255571464143237	0.0
0.0	0.023305013535896334	0.6686761447579079	0.023305013535896334	0.0	0.5621659110900356	0.6686761447579079	0.5621659110900356	0.0
0.0	0.022697202253080802	0.5407331249927694	0.022697202253080802	0.0	0.5196648155493785	0.5407331249927694	0.5196648155493785	0.0
0.0	0.012488358067593188	0.392006296800632	0.012488358067593188	0.0	0.33687568595886386	0.392006296800632	0.33687568595886386	0.0
0.0	0.018359590248058912	0.4304251520201256	0.018359590248058912	0.0	0.38500139392246946	0.4304251520201256	0.38500139392246946	0.0
0.0	0.033199463141318594	0.5714691356973448	0.033199463141318594	0.0	0.5696503496503281	0.5714691356973448	0.5696503496503281	0.0
0.0	0.012206475516256206	0.5075656428713917	0.012206475516256206	0.0	0.4342925195385041	0.5075656428713917	0.4342925195385041	0.0
0.0	0.017549737835662372	0.5949850894064037	0.017549737835662372	0.0	0.531106423651146	0.5949850894064037	0.531106423651146	0.0
0.0	0.028907505878614664	0.46152330516547674	0.028907505878614664	0.0	0.40151696606785	0.46152330516547674	0.40151696606785	0.0
0.0	0.023691364523097305	0.3266732712181244	0.023691364523097305	0.0	0.3596823635885728	0.3266732712181244	0.3596823635885728	0.0
0.0	0.01790099927319311	0.46190433021500166	0.01790099927319311	0.0	0.40898639922189406	0.46190433021500166	0.40898639922189406	0.0
0.0	0.03986645767192324	0.5702170089419646	0.03986645767192324	0.0	0.5198556816827954	0.5702170089419646	0.5198556816827954	0.0
0.0	0.014626126557556752	0.5865659327441337	0.014626126557556752	0.0	0.496777995323808	0.5865659327441337	0.496777995323808	0.0
0.0	0.02166138774105635	0.5537813127650101	0.02166138774105635	0.0	0.5152413124184546	0.5537813127650101	0.5152413124184546	0.0
0.0	0.010544435074610956	0.4963639154139441	0.010544435074610956	0.0	0.46732374100716556	0.4963639154139441	0.46732374100716556	0.0
0.0	0.018472742028674164	0.5579118255004962	0.018472742028674164	0.0	0.5612676746236401	0.5579118255004962	0.5612676746236401	0.0
0.0	0.02491732709150336	0.7195657364558821	0.02491732709150336	0.0	0.6063837867697539	0.7195657364558821	0.6063837867697539	0.0
0.0	0.04131344465997685	0.765541627352778	0.04131344465997685	0.0	0.7210712696170257	0.765541627352778	0.7210712696170257	0.0
0.0	0.012549019105652731	0.5008649693216763	0.012549019105652731	0.0	0.44673406033590424	0.5008649693216763	0.44673406033590424	0.0
0.0	0.032432274853679985	0.4993776525990355	0.032432274853679985	0.0	0.46979954281692654	0.4993776525990355	0.46979954281692654	0.0
0.0	0.03450506084531856	0.5946538187824476	0.03450506084531856	0.0	0.6131682302296272	0.5946538187824476	0.6131682302296272	0.0
0.0	0.031773860562293206	0.49704292181272547	0.031773860562293206	0.0	0.4855501115035729	0.49704292181272547	0.4855501115035729	0.0
0.0	0.03778507947585259	0.4803332778256538	0.03778507947585259	0.0	0.4363182137559449	0.4803332778256538	0.4363182137559449	0.0
0.0	0.02272143907224534	0.47228059979174936	0.02272143907224534	0.0	0.4354462762933292	0.47228059979174936	0.4354462762933292	0.0
0.0	0.011465175762943243	0.42364580173580296	0.011465175762943243	0.0	0.35695411112420083	0.42364580173580296	0.35695411112420083	0.0
0.0	0.03616183526728566	0.49042773157877073	0.03616183526728566	0.0	0.47771563143949825	0.49042773157877073	0.47771563143949825	0.0
0.0	0.010605596548384907	0.45430034479658016	0.010605596548384907	0.0	0.4064253451237236	0.45430034479658016	0.4064253451237236	0.0
0.0	0.03271554777737142	0.6217332369873305	0.03271554777737142	0.0	0.5789619023267534	0.6217332369873305	0.5789619023267534	0.0
0.0	0.03312511899686805	0.5982061512657397	0.03312511899686805	0.0	0.576016785022567	0.5982061512657397	0.576016785022567	0.0
0.0	0.020208623543010486	0.7442850301890634	0.020208623543010486	0.0	0.7372345328842024	0.7442850301890634	0.7372345328842024	0.0
0.0	0.009003047262336389	0.46091573923494034	0.009003047262336389	0.0	0.37755785017588217	0.46091573923494034	0.37755785017588217	0.0
0.0	0.027020168216310734	0.5797031321170563	0.027020168216310734	0.0	0.5103205085755872	0.5797031321170563	0.5103205085755872	0.0
0.0	0.01779621298389909	0.5465343346526046	0.01779621298389909	0.0	0.5016763310489984	0.5465343346526046	0.5016763310489984	0.0
0.0	0.041227508065848614	0.3155719150383896	0.041227508065848614	0.0	0.33428791162690746	0.3155719150383896	0.33428791162690746	0.0
0.0	0.018013046903456446	0.5632815319292168	0.018013046903456446	0.0	0.5320324427480772	0.5632815319292168	0.5320324427480772	0.0
0.0	0.04497296726237823	0.49677891987492206	0.04497296726237823	0.0	0.577861596009938	0.49677891987492206	0.577861596009938	0.0
0.0	0.03952905707443443	0.5984974981460277	0.03952905707443443	0.0	0.5862793714388781	0.5984974981460277	0.5862793714388781	0.0
0.0	0.029761603098393742	0.5685523583728137	0.029761603098393742	0.0	0.470038065827872	0.5685523583728137	0.470038065827872	0.0
0.0	0.034476610448566196	0.5469159730680845	0.034476610448566196	0.0	0.4873796650402007	0.5469159730680845	0.4873796650402007	0.0
0.0	0.03461458188284214	0.5582021916390594	0.03461458188284214	0.0	0.4903865213082063	0.5582021916390594	0.4903865213082063	0.0
0.0	0.011830981195978465	0.43639058016070315	0.011830981195978465	0.0	0.392925338665598	0.43639058016070315	0.392925338665598	0.0
0.0	0.012338455889423172	0.5110400122976302	0.012338455889423172	0.0	0.4556737213136838	0.5110400122976302	0.4556737213136838	0.0
0.0	0.03792820249441707	0.38504110417930365	0.03792820249441707	0.0	0.3809437745333184	0.38504110417930365	0.3809437745333184	0.0
0.0	0.027141421350205187	0.4782647818269368	0.027141421350205187	0.0	0.43549659043465033	0.4782647818269368	0.43549659043465033	0.0
0.0	0.009989587790373587	0.49460637563851295	0.009989587790373587	0.0	0.4320075729562377	0.49460637563851295	0.4320075729562377	0.0
0.0	0.01664334553339569	0.5278744559867772	0.01664334553339569	0.0	0.44936764891866693	0.5278744559867772	0.44936764891866693	0.0
0.0	0.015392704834112264	0.49004612922860696	0.015392704834112264	0.0	0.43265189511776736	0.49004612922860696	0.43265189511776736	0.0
0.0	0.025742069797085286	0.6215684344334542	0.025742069797085286	0.0	0.5570743825341677	0.6215684344334542	0.5570743825341677	0.0
0.0	0.0089180854409708	0.47245789910959335	0.0089180854409708	0.0	0.4503844591239271	0.47245789910959335	0.4503844591239271	0.0
0.0	0.02005646242093438	0.7011445268940832	0.02005646242093438	0.0	0.6895025839793062	0.7011445268940832	0.6895025839793062	0.0
0.0	0.027703933183052008	0.45595282395736647	0.027703933183052008	0.0	0.37482439142543705	0.45595282395736647	0.37482439142543705	0.0
0.0	0.02082314812235813	0.48301707596318466	0.02082314812235813	0.0	0.44855638857869196	0.48301707596318466	0.44855638857869196	0.0
0.0	0.03224905308875237	0.6322239190592138	0.03224905308875237	0.0	0.5721855192997554	0.6322239190592138	0.5721855192997554	0.0
0.0	0.04440806409016905	0.38593346736674666	0.04440806409016905	0.0	0.33848179398605205	0.38593346736674666	0.33848179398605205	0.0
0.0	0.040211129502630956	0.4578091470088123	0.040211129502630956	0.0	0.4385948701608957	0.4578091470088123	0.4385948701608957	0.0
0.0	0.03241064350328383	0.46864161621676703	0.03241064350328383	0.0	0.46726021361609876	0.46864161621676703	0.46726021361609876	0.0
0.0	0.02141577349203271	0.46061595607972056	0.02141577349203271	0.0	0.4064302349208236	0.46061595607972056	0.4064302349208236	0.0
0.0	0.028404094272468622	0.7304470781424844	0.028404094272468622	0.0	0.6815979633799822	0.7304470781424844	0.6815979633799822	0.0
0.0	0.0322354891083072	0.7601962854437125	0.0322354891083072	0.0	0.8006945848109783	0.7601962854437125	0.8006945848109783	0.0
0.0	0.03420586226337286	0.66819924581668	0.03420586226337286	0.0	0.6323154922134002	0.66819924581668	0.6323154922134002	0.0
0.0	0.01817603666096238	0.7295167888019742	0.01817603666096238	0.0	0.7139606956648292	0.7295167888019742	0.7139606956648292	0.0
0.0	0.031111457659137372	0.6596959523002365	0.031111457659137372	0.0	0.6191076019096436	0.6596959523002365	0.6191076019096436	0.0
0.0	0.017367791116502017	0.5472115109405172	0.017367791116502017	0.0	0.5069944652628441	0.5472115109405172	0.5069944652628441	0.0
0.0	0.033734508747312805	0.6766365042140733	0.033734508747312805	0.0	0.644489702691374	0.6766365042140733	0.644489702691374	0.0
0.0	0.03002159201990874	0.4251253841317596	0.03002159201990874	0.0	0.41391069640549183	0.4251253841317596	0.41391069640549183	0.0
0.0	0.030158082177273438	0.4413723457091402	0.030158082177273438	0.0	0.37575687443043987	0.4413723457091402	0.37575687443043987	0.0
0.0	0.024363052586534654	0.7991390689010072	0.024363052586534654	0.0	0.8264399684189034	0.7991390689010072	0.8264399684189034	0.0
0.0	0.0160660608576592	0.5989947707421012	0.0160660608576592	0.0	0.6413170633319719	0.5989947707421012	0.6413170633319719	0.0
0.0	0.02773977507491488	0.6642133598568836	0.02773977507491488	0.0	0.5975710840099021	0.6642133598568836	0.5975710840099021	0.0
0.0	0.027685431853460066	0.4381171639365337	0.027685431853460066	0.0	0.4967097587156166	0.4381171639365337	0.4967097587156166	0.0
0.0	0.02826718539933132	0.43347683421792516	0.02826718539933132	0.0	0.4213888356032943	0.43347683421792516	0.4213888356032943	0.0
0.0	0.020414446812845526	0.45804069655238594	0.020414446812845526	0.0	0.45606106684507197	0.45804069655238594	0.45606106684507197	0.0
0.0	0.03165683588862142	0.4120353373894034	0.03165683588862142	0.0	0.3769322023844649	0.4120353373894034	0.3769322023844649	0.0
0.0	0.009998873202156434	0.6181887390304571	0.009998873202156434	0.0	0.5437404217090183	0.6181887390304571	0.5437404217090183	0.0
0.0	0.03379530894723927	0.5123423688215306	0.03379530894723927	0.0	0.5080680422868088	0.5123423688215306	0.5080680422868088	0.0
0.0	0.021571085398988193	0.5426870519848429	0.021571085398988193	0.0	0.5113467104621128	0.5426870519848429	0.5113467104621128	0.0
0.0	0.03670127207454747	0.7624976992534135	0.03670127207454747	0.0	0.7270265982761079	0.7624976992534135	0.7270265982761079	0.0
0.0	0.010108835887843054	0.4741997841133307	0.010108835887843054	0.0	0.41281898177246845	0.4741997841133307	0.41281898177246845	0.0
0.0	0.021113921280075602	0.6480432979690093	0.021113921280075602	0.0	0.6804181477525258	0.6480432979690093	0.6804181477525258	0.0
0.0	0.02309572192479327	0.7919070000661059	0.02309572192479327	0.0	0.7456821372777657	0.7919070000661059	0.7456821372777657	0.0
0.0	0.03039559400654352	0.6471352334667825	0.03039559400654352	0.0	0.6014291010819143	0.6471352334667825	0.6014291010819143	0.0
0.0	0.029127346821689784	0.5909411165158263	0.029127346821689784	0.0	0.5701676311762088	0.5909411165158263	0.5701676311762088	0.0
0.0	0.05410645879278759	0.67121237663728	0.05410645879278759	0.0	0.678134945894314	0.67121237663728	0.678134945894314	0.0
0.0	0.03175707191550603	0.4586720394451661	0.03175707191550603	0.0	0.4187541152557582	0.4586720394451661	0.4187541152557582	0.0
0.0	0.012913328294231575	0.36319565800313236	0.012913328294231575	0.0	0.34913692858328266	0.36319565800313236	0.34913692858328266	0.0
0.0	0.030963557702127702	0.7373703703954569	0.030963557702127702	0.0	0.6664755364806533	0.7373703703954569	0.6664755364806533	0.0
0.0	0.025861020617555845	0.4524470445612698	0.025861020617555845	0.0	0.39852093294997765	0.4524470445612698	0.39852093294997765	0.0
0.0	0.016568717346207976	0.6404341548648809	0.016568717346207976	0.0	0.5425003468849574	0.6404341548648809	0.5425003468849574	0.0
0.0	0.03233488812800323	0.5015345531430576	0.03233488812800323	0.0	0.4524629788275359	0.5015345531430576	0.4524629788275359	0.0
0.0	0.025218813721474123	0.678541316208931	0.025218813721474123	0.0	0.6888655733470613	0.678541316208931	0.6888655733470613	0.0
0.0	0.02471352861016903	0.6178846525954871	0.02471352861016903	0.0	0.5680549862849307	0.6178846525954871	0.5680549862849307	0.0
0.0	0.02471740375757084	0.4764093065955746	0.02471740375757084	0.0	0.39894701747559713	0.4764093065955746	0.39894701747559713	0.0
0.0	0.04154930947867485	0.6565576716519184	0.04154930947867485	0.0	0.6347104513526299	0.6565576716519184	0.6347104513526299	0.0
0.0	0.04500238245046489	0.7474329861817929	0.04500238245046489	0.0	0.8189596662030375	0.7474329861817929	0.8189596662030375	0.0
0.0	0.015956968524781498	0.40467222023073735	0.015956968524781498	0.0	0.3649286662953518	0.40467222023073735	0.3649286662953518	0.0
0.0	0.028694410082440655	0.691213846929991	0.028694410082440655	0.0	0.6155560477756173	0.691213846929991	0.6155560477756173	0.0
0.0	0.02488680806964737	0.6212381890778966	0.02488680806964737	0.0	0.6473296032553345	0.6212381890778966	0.6473296032553345	0.0
0.0	0.026724623916268488	0.6850516723401731	0.026724623916268488	0.0	0.5554954575634248	0.6850516723401731	0.5554954575634248	0.0
0.0	0.03578006192801851	0.39936330702906464	0.03578006192801851	0.0	0.38927957324087237	0.39936330702906464	0.38927957324087237	0.0
0.0	0.033235396968107414	0.4836688224940316	0.033235396968107414	0.0	0.5244190973938722	0.4836688224940316	0.5244190973938722	0.0
0.0	0.04108183836526531	0.5837869996284439	0.04108183836526531	0.0	0.585004820812815	0.5837869996284439	0.585004820812815	0.0
0.0	0.04295972016362249	0.8128822646833967	0.04295972016362249	0.0	0.8035986913849152	0.8128822646833967	0.8035986913849152	0.0
0.0	0.00946882630169518	0.5692460118917062	0.00946882630169518	0.0	0.5482290685971872	0.5692460118917062	0.5482290685971872	0.0
0.0	0.011866463011182394	0.5358018685178211	0.011866463011182394	0.0	0.47584808138962426	0.5358018685178211	0.47584808138962426	0.0
0.0	0.018481563102127025	0.5003610151488211	0.018481563102127025	0.0	0.4846379238174818	0.5003610151488211	0.4846379238174818	0.0
0.0	0.008606516723947383	0.405597152925029	0.008606516723947383	0.0	0.34357385353234526	0.405597152925029	0.34357385353234526	0.0
0.0	0.022393606822500012	0.5433410014945375	0.022393606822500012	0.0	0.5393464517851944	0.5433410014945375	0.5393464517851944	0.0
0.0	0.024563002337421945	0.3770181252387579	0.024563002337421945	0.0	0.2975245894598079	0.3770181252387579	0.2975245894598079	0.0
0.0	0.03396394612432458	0.6172452077752735	0.03396394612432458	0.0	0.5521548922114553	0.6172452077752735	0.5521548922114553	0.0
0.0	0.04593308938821831	0.49260194876681207	0.04593308938821831	0.0	0.4016928026899109	0.49260194876681207	0.4016928026899109	0.0
0.0	0.018406287818302985	0.6954382894999641	0.018406287818302985	0.0	0.6410654292343223	0.6954382894999641	0.6410654292343223	0.0
0.0	0.02353554940582004	0.4412128738385118	0.02353554940582004	0.0	0.3854029165656799	0.4412128738385118	0.3854029165656799	0.0
0.0	0.02013257466558463	0.38079245011534385	0.02013257466558463	0.0	0.32610256685063194	0.38079245011534385	0.32610256685063194	0.0
0.0	0.021837784739787217	0.4666797798872274	0.021837784739787217	0.0	0.3853848147188239	0.4666797798872274	0.3853848147188239	0.0
0.0	0.018029563808726275	0.4089081316465567	0.018029563808726275	0.0	0.35270580788967204	0.4089081316465567	0.35270580788967204	0.0
0.0	0.014147629999393984	0.7135956649590101	0.014147629999393984	0.0	0.6430237694056468	0.7135956649590101	0.6430237694056468	0.0
0.0	0.025989461539100377	0.7502910523691818	0.025989461539100377	0.0	0.7022156416899961	0.7502910523691818	0.7022156416899961	0.0
0.0	0.03708117525965782	0.6027771748821825	0.03708117525965782	0.0	0.6497680618501528	0.6027771748821825	0.6497680618501528	0.0
0.0	0.03506130550502162	0.59409486816105	0.03506130550502162	0.0	0.522112529344988	0.59409486816105	0.522112529344988	0.0
0.0	0.031811647162206726	0.6470798474566087	0.031811647162206726	0.0	0.5059207359469269	0.6470798474566087	0.5059207359469269	0.0
0.0	0.01834921546678812	0.47763782584005765	0.01834921546678812	0.0	0.4130407822561283	0.47763782584005765	0.4130407822561283	0.0
0.0	0.01696135517184523	0.5674935664176092	0.01696135517184523	0.0	0.49418857481715217	0.5674935664176092	0.49418857481715217	0.0
0.0	0.02063879688354287	0.5425705592393628	0.02063879688354287	0.0	0.5227695040305943	0.5425705592393628	0.5227695040305943	0.0
0.0	0.025297889609088214	0.4347233182655827	0.025297889609088214	0.0	0.41419064801393907	0.4347233182655827	0.41419064801393907	0.0
0.0	0.022501758236276283	0.3484836495046061	0.022501758236276283	0.0	0.3884752815595455	0.3484836495046061	0.3884752815595455	0.0
0.0	0.05123379803612143	0.6284716904878976	0.05123379803612143	0.0	0.5490636956631447	0.6284716904878976	0.5490636956631447	0.0
0.0	0.03253785753223355	0.578433605427989	0.03253785753223355	0.0	0.5315992201245522	0.578433605427989	0.5315992201245522	0.0
0.0	0.030080067043226237	0.7690434054433896	0.030080067043226237	0.0	0.7189894812550256	0.7690434054433896	0.7189894812550256	0.0
