population in sample
0	0	1

generation in sample
0.0	1000.0	1000.0

expected_linearlized_fst_array
0.0	0.025	0.07495	0.025	0.0	0.04995	0.07495	0.04995	0.0	

mean_linearlized_fst_array
0.0	0.03712390410149483	0.6486261358870486	0.03712390410149483	0.0	0.6255414764637155	0.6486261358870486	0.6255414764637155	0.0

median_linearlized_fst_array
0.0	0.014301396842528562	0.5129922576546482	0.014301396842528562	0.0	0.47837744429032075	0.5129922576546482	0.47837744429032075	0.0

std_linearlized_fst_array
0.0	0.07714921687913406	0.5787066223944493	0.07714921687913406	0.0	0.5884105094128584	0.5787066223944493	0.5884105094128584	0.0

linearlized_fst_array
0.0	0.009080389317034017	0.1869929973651764	0.009080389317034017	0.0	0.04786614705905345	0.1869929973651764	0.04786614705905345	0.0
0.0	0.003881395465541004	0.9619030448730882	0.003881395465541004	0.0	1.1615547329455478	0.9619030448730882	1.1615547329455478	0.0
0.0	-0.015322682976544556	0.8379464649349593	-0.015322682976544556	0.0	0.848298455572615	0.8379464649349593	0.848298455572615	0.0
0.0	0.02771299707461293	0.4685140410357478	0.02771299707461293	0.0	0.6629085784425256	0.4685140410357478	0.6629085784425256	0.0
0.0	0.02257997980037378	1.369425523440261	0.02257997980037378	0.0	1.1727377100511684	1.369425523440261	1.1727377100511684	0.0
0.0	-0.018815320933162724	0.7956446084229162	-0.018815320933162724	0.0	0.4183449651046653	0.7956446084229162	0.4183449651046653	0.0
0.0	-0.02010985498766392	1.3992112645742727	-0.02010985498766392	0.0	1.6061375173050936	1.3992112645742727	1.6061375173050936	0.0
0.0	0.07119739930219923	0.8760188406705759	0.07119739930219923	0.0	0.37088102727068833	0.8760188406705759	0.37088102727068833	0.0
0.0	-0.01104132311248489	0.300404588071473	-0.01104132311248489	0.0	0.19823743722718593	0.300404588071473	0.19823743722718593	0.0
0.0	0.01938681792400305	0.14199082980994573	0.01938681792400305	0.0	0.2775656217859406	0.14199082980994573	0.2775656217859406	0.0
0.0	0.008108685743573577	1.1400913357795555	0.008108685743573577	0.0	1.1158794462004744	1.1400913357795555	1.1158794462004744	0.0
0.0	0.0025039057466384085	0.8819591612043359	0.0025039057466384085	0.0	0.45320776927600365	0.8819591612043359	0.45320776927600365	0.0
0.0	0.011832435512365085	0.8471117043764157	0.011832435512365085	0.0	0.6324873096446855	0.8471117043764157	0.6324873096446855	0.0
0.0	0.11033379110970828	0.02150415632765241	0.11033379110970828	0.0	0.21457833027262915	0.02150415632765241	0.21457833027262915	0.0
0.0	-0.025058126700481492	1.0561031578989706	-0.025058126700481492	0.0	1.0044444444445073	1.0561031578989706	1.0044444444445073	0.0
0.0	0.020659635606167702	0.7575229340395695	0.020659635606167702	0.0	0.8156938232463434	0.7575229340395695	0.8156938232463434	0.0
0.0	0.019590807571221114	1.3103232007324361	0.019590807571221114	0.0	2.1589983741641343	1.3103232007324361	2.1589983741641343	0.0
0.0	0.27143483605734403	0.443151920441762	0.27143483605734403	0.0	0.2768741991801657	0.443151920441762	0.2768741991801657	0.0
0.0	0.23222048048466956	0.08863705324630906	0.23222048048466956	0.0	0.47366563740630496	0.08863705324630906	0.47366563740630496	0.0
0.0	0.06432601678844305	0.3486014184442905	0.06432601678844305	0.0	0.28467251856852316	0.3486014184442905	0.28467251856852316	0.0
0.0	0.02598597260206733	0.43128697224281437	0.02598597260206733	0.0	0.38247780779623547	0.43128697224281437	0.38247780779623547	0.0
0.0	-0.035390425368067156	0.0586227826307704	-0.035390425368067156	0.0	0.047230415495652586	0.0586227826307704	0.047230415495652586	0.0
0.0	0.11575257193039842	1.2267807586159054	0.11575257193039842	0.0	3.4991792215368847	1.2267807586159054	3.4991792215368847	0.0
0.0	0.12373238981741486	0.39918360589281193	0.12373238981741486	0.0	-0.003518735362995991	0.39918360589281193	-0.003518735362995991	0.0
0.0	0.14577479653173178	0.509413583846285	0.14577479653173178	0.0	0.5589953134641672	0.509413583846285	0.5589953134641672	0.0
0.0	-0.011489138837312696	0.621574243029659	-0.011489138837312696	0.0	0.5549146341463498	0.621574243029659	0.5549146341463498	0.0
0.0	0.02938489120627851	0.4942694667794964	0.02938489120627851	0.0	0.9488951176586233	0.4942694667794964	0.9488951176586233	0.0
0.0	0.16462480044076439	1.1670734927359419	0.16462480044076439	0.0	1.0084732785463304	1.1670734927359419	1.0084732785463304	0.0
0.0	0.026019174892133814	0.6681397712171435	0.026019174892133814	0.0	0.7901918492450927	0.6681397712171435	0.7901918492450927	0.0
0.0	-0.009678506945933897	0.129028565593823	-0.009678506945933897	0.0	0.11862615587848639	0.129028565593823	0.11862615587848639	0.0
0.0	-0.017738300067497288	0.23617039983191512	-0.017738300067497288	0.0	0.2565940514699753	0.23617039983191512	0.2565940514699753	0.0
0.0	0.005072889468598459	0.2824065258488384	0.005072889468598459	0.0	0.18973211963591924	0.2824065258488384	0.18973211963591924	0.0
0.0	-0.021674803244024488	0.6841201870389388	-0.021674803244024488	0.0	0.8007033997655391	0.6841201870389388	0.8007033997655391	0.0
0.0	0.0005906861896841712	-0.008104404463621888	0.0005906861896841712	0.0	0.0400360061757905	-0.008104404463621888	0.0400360061757905	0.0
0.0	-0.004634884368908035	0.39169962094534855	-0.004634884368908035	0.0	0.5297001675364634	0.39169962094534855	0.5297001675364634	0.0
0.0	-0.03525124880185623	0.19825118202850614	-0.03525124880185623	0.0	0.14220437401635294	0.19825118202850614	0.14220437401635294	0.0
0.0	0.018380273812058142	0.47218828590517314	0.018380273812058142	0.0	0.7334877876384195	0.47218828590517314	0.7334877876384195	0.0
0.0	-0.023689722207633542	1.5831164668573376	-0.023689722207633542	0.0	1.2987858434511879	1.5831164668573376	1.2987858434511879	0.0
0.0	0.022754677537893647	0.7061877340571497	0.022754677537893647	0.0	0.501106378928872	0.7061877340571497	0.501106378928872	0.0
0.0	0.02006367654464636	0.06581545450189874	0.02006367654464636	0.0	0.09164818920914765	0.06581545450189874	0.09164818920914765	0.0
0.0	0.014338460568167592	0.7039950277811609	0.014338460568167592	0.0	0.6887981788209678	0.7039950277811609	0.6887981788209678	0.0
0.0	-0.004300822605613987	0.587662948040526	-0.004300822605613987	0.0	0.37322551662170467	0.587662948040526	0.37322551662170467	0.0
0.0	0.28244664800114005	0.25934167393655017	0.28244664800114005	0.0	0.0056301186435109	0.25934167393655017	0.0056301186435109	0.0
0.0	0.02790288537900424	0.2077720021674365	0.02790288537900424	0.0	0.41611034223921334	0.2077720021674365	0.41611034223921334	0.0
0.0	0.06748291178260336	1.2262098199387865	0.06748291178260336	0.0	1.418667780329987	1.2262098199387865	1.418667780329987	0.0
0.0	0.15818290202310856	0.1677324123504135	0.15818290202310856	0.0	0.2740654205607505	0.1677324123504135	0.2740654205607505	0.0
0.0	0.34241044295568007	3.4652948704677615	0.34241044295568007	0.0	0.5901359543287537	3.4652948704677615	0.5901359543287537	0.0
0.0	-0.026241385275873663	0.1994941412184554	-0.026241385275873663	0.0	0.10675861227222766	0.1994941412184554	0.10675861227222766	0.0
0.0	0.01426433311688953	2.7987879784758496	0.01426433311688953	0.0	1.2922232681099277	2.7987879784758496	1.2922232681099277	0.0
0.0	0.00904354063344618	0.23103698683795496	0.00904354063344618	0.0	0.20214232022043457	0.23103698683795496	0.20214232022043457	0.0
0.0	0.0028515491197667405	0.7395748007739574	0.0028515491197667405	0.0	0.5316200852676443	0.7395748007739574	0.5316200852676443	0.0
0.0	-0.002501574717611771	0.136228461428437	-0.002501574717611771	0.0	0.181373190941753	0.136228461428437	0.181373190941753	0.0
0.0	0.011726909489792155	0.3219910084146763	0.011726909489792155	0.0	0.4026569913480582	0.3219910084146763	0.4026569913480582	0.0
0.0	-0.031065882859059892	0.5464866759276882	-0.031065882859059892	0.0	0.5851241847289215	0.5464866759276882	0.5851241847289215	0.0
0.0	-0.032754808739163505	0.998744749199521	-0.032754808739163505	0.0	1.0214382392750632	0.998744749199521	1.0214382392750632	0.0
0.0	0.030604336689418955	0.6543486334777873	0.030604336689418955	0.0	1.227352863948259	0.6543486334777873	1.227352863948259	0.0
0.0	0.09689518733653876	1.5246694307274047	0.09689518733653876	0.0	0.6600755426363162	1.5246694307274047	0.6600755426363162	0.0
0.0	0.023107661831148218	0.37225608166086993	0.023107661831148218	0.0	0.48308925117433654	0.37225608166086993	0.48308925117433654	0.0
0.0	0.18825530567395568	0.02929111413666729	0.18825530567395568	0.0	0.09169069462641255	0.02929111413666729	0.09169069462641255	0.0
0.0	0.08822942593915371	0.9232523694339331	0.08822942593915371	0.0	0.26524817544750223	0.9232523694339331	0.26524817544750223	0.0
0.0	0.03515741796552412	0.5105219928795114	0.03515741796552412	0.0	0.26313433546561693	0.5105219928795114	0.26313433546561693	0.0
0.0	0.02582117231703877	0.29319003331440174	0.02582117231703877	0.0	0.4891360441319577	0.29319003331440174	0.4891360441319577	0.0
0.0	0.008497909236062298	0.9151705175823325	0.008497909236062298	0.0	1.0620913517273705	0.9151705175823325	1.0620913517273705	0.0
0.0	-0.02518780084125426	0.630600950087337	-0.02518780084125426	0.0	0.42347574634460033	0.630600950087337	0.42347574634460033	0.0
0.0	-0.01210818929460128	0.36312133405224495	-0.01210818929460128	0.0	0.2568259385665541	0.36312133405224495	0.2568259385665541	0.0
0.0	-0.01720793138628856	0.5154625224297851	-0.01720793138628856	0.0	0.43354009747454253	0.5154625224297851	0.43354009747454253	0.0
0.0	-0.03790934764988324	1.0716146320529745	-0.03790934764988324	0.0	0.7531628719917773	1.0716146320529745	0.7531628719917773	0.0
0.0	0.0446175753848326	0.18261167369033726	0.0446175753848326	0.0	-0.0310685085987986	0.18261167369033726	-0.0310685085987986	0.0
0.0	0.06858309572519052	0.024313547939950938	0.06858309572519052	0.0	0.18568585425595463	0.024313547939950938	0.18568585425595463	0.0
0.0	-0.013881242130441642	0.25812997578337366	-0.013881242130441642	0.0	0.1993896236012382	0.25812997578337366	0.1993896236012382	0.0
0.0	0.013261525105781024	0.2509261411405484	0.013261525105781024	0.0	0.19465535978324686	0.2509261411405484	0.19465535978324686	0.0
0.0	-0.029709406212264613	0.898014095651027	-0.029709406212264613	0.0	0.9513612077007001	0.898014095651027	0.9513612077007001	0.0
0.0	0.020426243475252022	1.1500968065206867	0.020426243475252022	0.0	0.9317811657277012	1.1500968065206867	0.9317811657277012	0.0
0.0	-0.019859943282804028	0.5513450847287978	-0.019859943282804028	0.0	0.8173853808069086	0.5513450847287978	0.8173853808069086	0.0
0.0	0.02283304564416494	1.7399188362026363	0.02283304564416494	0.0	2.1634494860866407	1.7399188362026363	2.1634494860866407	0.0
0.0	0.023705638991869827	0.10381528044997329	0.023705638991869827	0.0	0.07033723331044031	0.10381528044997329	0.07033723331044031	0.0
0.0	-0.007805212836809705	0.8530045754819637	-0.007805212836809705	0.0	1.2178428761650295	0.8530045754819637	1.2178428761650295	0.0
0.0	0.214917426495958	0.6030542497917406	0.214917426495958	0.0	2.0390148030439588	0.6030542497917406	2.0390148030439588	0.0
0.0	0.05326405166579589	0.34149664442022176	0.05326405166579589	0.0	0.12023343192901939	0.34149664442022176	0.12023343192901939	0.0
0.0	-0.001473762522022025	-0.010772150457668744	-0.001473762522022025	0.0	-4.033535971004766e-05	-0.010772150457668744	-4.033535971004766e-05	0.0
