population in sample
0	0	1

generation in sample
0.0	1000.0	1000.0

expected_linearlized_fst_array
0.0	0.025	0.07495	0.025	0.0	0.04995	0.07495	0.04995	0.0	

mean_linearlized_fst_array
0.0	0.033321879159388675	0.7163802957232526	0.033321879159388675	0.0	0.7862778406222684	0.7163802957232526	0.7862778406222684	0.0

median_linearlized_fst_array
0.0	0.01617870799848323	0.532448759479526	0.01617870799848323	0.0	0.47117708872073844	0.532448759479526	0.47117708872073844	0.0

std_linearlized_fst_array
0.0	0.07917258639529944	0.7567451530346334	0.07917258639529944	0.0	1.0237716923667568	0.7567451530346334	1.0237716923667568	0.0

linearlized_fst_array
0.0	-0.025979263428108003	1.3735339030523552	-0.025979263428108003	0.0	1.292402891802515	1.3735339030523552	1.292402891802515	0.0
0.0	0.04985902343172463	0.3726708602569655	0.04985902343172463	0.0	0.7155965258165906	0.3726708602569655	0.7155965258165906	0.0
0.0	0.012378659701335117	0.596775794894378	0.012378659701335117	0.0	0.8318881118880916	0.596775794894378	0.8318881118880916	0.0
0.0	0.05851657355354161	1.6164629657944873	0.05851657355354161	0.0	2.685024824563814	1.6164629657944873	2.685024824563814	0.0
0.0	-0.01287060162823131	1.2993815708895071	-0.01287060162823131	0.0	0.885697874784621	1.2993815708895071	0.885697874784621	0.0
0.0	0.4091350568097127	1.9474496789553262	0.4091350568097127	0.0	1.1791863142888688	1.9474496789553262	1.1791863142888688	0.0
0.0	-0.0224281016135027	0.3895301472369387	-0.0224281016135027	0.0	0.3214127315418746	0.3895301472369387	0.3214127315418746	0.0
0.0	0.005970153232847382	0.04328302865048747	0.005970153232847382	0.0	0.032303009517275785	0.04328302865048747	0.032303009517275785	0.0
0.0	0.0919422087319756	0.2945481102560319	0.0919422087319756	0.0	0.6894550362746845	0.2945481102560319	0.6894550362746845	0.0
0.0	-0.011754911347292271	0.5039747347547048	-0.011754911347292271	0.0	0.6084857215883853	0.5039747347547048	0.6084857215883853	0.0
0.0	0.034774645989192915	0.8812455450265987	0.034774645989192915	0.0	0.4019547953573605	0.8812455450265987	0.4019547953573605	0.0
0.0	0.09155125424104664	1.681383305538458	0.09155125424104664	0.0	0.6353608089474883	1.681383305538458	0.6353608089474883	0.0
0.0	-0.04478977431978545	0.479198186270177	-0.04478977431978545	0.0	0.3894631120821385	0.479198186270177	0.3894631120821385	0.0
0.0	-0.03333305414492724	0.1354756514137026	-0.03333305414492724	0.0	0.1067986440677812	0.1354756514137026	0.1067986440677812	0.0
0.0	0.027485968613086227	0.9856319062645027	0.027485968613086227	0.0	0.4868416223159974	0.9856319062645027	0.4868416223159974	0.0
0.0	-0.010781099341630268	0.7436605348132955	-0.010781099341630268	0.0	0.37776920421545673	0.7436605348132955	0.37776920421545673	0.0
0.0	-0.0031058405353987474	0.567365963262574	-0.0031058405353987474	0.0	0.7323348190875633	0.567365963262574	0.7323348190875633	0.0
0.0	-0.00310314848520046	0.3787953366794996	-0.00310314848520046	0.0	0.22962918516739575	0.3787953366794996	0.22962918516739575	0.0
0.0	-0.01443407791692212	0.2688961196940801	-0.01443407791692212	0.0	0.17482663525125353	0.2688961196940801	0.17482663525125353	0.0
0.0	0.042779462488070304	1.4660552280911465	0.042779462488070304	0.0	2.0605177100979324	1.4660552280911465	2.0605177100979324	0.0
0.0	0.2724748272087188	0.1399839462436689	0.2724748272087188	0.0	0.22857825655356248	0.1399839462436689	0.22857825655356248	0.0
0.0	0.21502990989226617	0.5873796706253381	0.21502990989226617	0.0	0.35533339620860377	0.5873796706253381	0.35533339620860377	0.0
0.0	-0.03823586145780038	0.43435702783717844	-0.03823586145780038	0.0	0.4162527024573456	0.43435702783717844	0.4162527024573456	0.0
0.0	0.014304566313934276	0.3665425483558788	0.014304566313934276	0.0	0.13370535714283288	0.3665425483558788	0.13370535714283288	0.0
0.0	0.00347858943785803	0.6324185013761388	0.00347858943785803	0.0	0.349077405129416	0.6324185013761388	0.349077405129416	0.0
0.0	0.045342531236157314	0.44775126576842816	0.045342531236157314	0.0	0.7263272909651126	0.44775126576842816	0.7263272909651126	0.0
0.0	0.07079805337906468	0.47602313676403146	0.07079805337906468	0.0	0.7962021228497382	0.47602313676403146	0.7962021228497382	0.0
0.0	-0.022752944126103493	0.7294113123214921	-0.022752944126103493	0.0	0.706823529411735	0.7294113123214921	0.706823529411735	0.0
0.0	-0.029687374254811213	0.06017181519660417	-0.029687374254811213	0.0	-0.0521794018210274	0.06017181519660417	-0.0521794018210274	0.0
0.0	0.019663820291483353	0.5962652158876344	0.019663820291483353	0.0	0.5048440979955413	0.5962652158876344	0.5048440979955413	0.0
0.0	0.03826456613359894	0.5370031318571438	0.03826456613359894	0.0	0.594511903623697	0.5370031318571438	0.594511903623697	0.0
0.0	0.06496612627058357	0.17282880787188756	0.06496612627058357	0.0	0.05118810912994632	0.17282880787188756	0.05118810912994632	0.0
0.0	0.12025030606533156	0.433284854357959	0.12025030606533156	0.0	0.9509324324324013	0.433284854357959	0.9509324324324013	0.0
0.0	0.004246299174496968	0.08727654556171609	0.004246299174496968	0.0	0.11277313132204415	0.08727654556171609	0.11277313132204415	0.0
0.0	0.043201532081916544	0.598743677338288	0.043201532081916544	0.0	0.7708239531742606	0.598743677338288	0.7708239531742606	0.0
0.0	0.34444172720254085	0.4397724911622737	0.34444172720254085	0.0	2.256536887325353	0.4397724911622737	2.256536887325353	0.0
0.0	0.0559970675376977	0.6562538117422761	0.0559970675376977	0.0	0.17364545832804393	0.6562538117422761	0.17364545832804393	0.0
0.0	-0.012002429234297793	0.17066327533717007	-0.012002429234297793	0.0	0.11164243525666206	0.17066327533717007	0.11164243525666206	0.0
0.0	-0.044855583625376325	0.4737433438057237	-0.044855583625376325	0.0	0.41859594717419313	0.4737433438057237	0.41859594717419313	0.0
0.0	0.04135416338697934	0.8738109354788124	0.04135416338697934	0.0	0.8068962234966228	0.8738109354788124	0.8068962234966228	0.0
0.0	0.0036809932192225538	0.6523413090738766	0.0036809932192225538	0.0	0.9435510038532312	0.6523413090738766	0.9435510038532312	0.0
0.0	0.028268126931285754	0.5305457037430278	0.028268126931285754	0.0	0.7906470552133767	0.5305457037430278	0.7906470552133767	0.0
0.0	0.05922696135305152	0.6392124251840479	0.05922696135305152	0.0	0.6956168281281805	0.6392124251840479	0.6956168281281805	0.0
0.0	0.027012667763603428	0.22204293480818063	0.027012667763603428	0.0	0.18407079646021504	0.22204293480818063	0.18407079646021504	0.0
0.0	-0.02322929607950687	1.4173855907069186	-0.02322929607950687	0.0	1.2938498402556307	1.4173855907069186	1.2938498402556307	0.0
0.0	-0.016806919212203387	0.2632978984847319	-0.016806919212203387	0.0	0.17776127163339306	0.2632978984847319	0.17776127163339306	0.0
0.0	-0.0062924401063902844	5.302569005506392	-0.0062924401063902844	0.0	5.809224417022543	5.302569005506392	5.809224417022543	0.0
0.0	-0.04365859984438853	1.1880977641133195	-0.04365859984438853	0.0	1.0549018457113417	1.1880977641133195	1.0549018457113417	0.0
0.0	-0.02419945433284955	0.5027788534659673	-0.02419945433284955	0.0	0.2724294463792662	0.5027788534659673	0.2724294463792662	0.0
0.0	-0.04434136816206401	0.044754654265400935	-0.04434136816206401	0.0	-0.007823343848640764	0.044754654265400935	-0.007823343848640764	0.0
0.0	0.025333792445076185	3.4664632976546073	0.025333792445076185	0.0	5.4057061807865505	3.4664632976546073	5.4057061807865505	0.0
0.0	-0.02960450618270856	0.5737160808169974	-0.02960450618270856	0.0	0.7158944175850127	0.5737160808169974	0.7158944175850127	0.0
0.0	0.03432150415008204	0.8744401555513023	0.03432150415008204	0.0	0.42689284236657793	0.8744401555513023	0.42689284236657793	0.0
0.0	-0.00887182587966192	0.5773207998275305	-0.00887182587966192	0.0	0.49412447410418175	0.5773207998275305	0.49412447410418175	0.0
0.0	0.06404420003227883	0.284029792536643	0.06404420003227883	0.0	0.3970453918533865	0.284029792536643	0.3970453918533865	0.0
0.0	0.018635164753785377	2.0087890066845993	0.018635164753785377	0.0	3.643188392488355	2.0087890066845993	3.643188392488355	0.0
0.0	0.00968226724433919	0.10808476950296779	0.00968226724433919	0.0	0.03757714144657961	0.10808476950296779	0.03757714144657961	0.0
0.0	-0.016672791230992457	0.45190433369329175	-0.016672791230992457	0.0	0.45551255512547945	0.45190433369329175	0.45551255512547945	0.0
0.0	0.004585371007486648	0.5551139220206432	0.004585371007486648	0.0	0.4204160619254781	0.5551139220206432	0.4204160619254781	0.0
0.0	-0.016885027265745776	0.5585972203400054	-0.016885027265745776	0.0	0.44087313214182366	0.5585972203400054	0.44087313214182366	0.0
0.0	0.1288769676532879	0.8838380968482205	0.1288769676532879	0.0	2.5215793369235273	0.8838380968482205	2.5215793369235273	0.0
0.0	0.020437292588173853	0.38719891287695374	0.020437292588173853	0.0	0.3425419876947013	0.38719891287695374	0.3425419876947013	0.0
0.0	0.0047124570287915704	0.30709522646544957	0.0047124570287915704	0.0	0.2202955314225028	0.30709522646544957	0.2202955314225028	0.0
0.0	0.10329058402027291	1.5941307763887966	0.10329058402027291	0.0	1.8761875097337508	1.5941307763887966	1.8761875097337508	0.0
0.0	-0.02913485241087402	0.4026303888617569	-0.02913485241087402	0.0	0.34237054085152663	0.4026303888617569	0.34237054085152663	0.0
0.0	-0.0326170772693807	1.02687919962856	-0.0326170772693807	0.0	0.7246649272668724	1.02687919962856	0.7246649272668724	0.0
0.0	0.06210819865649734	1.2714051685182215	0.06210819865649734	0.0	2.7489481065914223	1.2714051685182215	2.7489481065914223	0.0
0.0	-0.03715071089226286	0.7583751840422904	-0.03715071089226286	0.0	0.662588185742845	0.7583751840422904	0.662588185742845	0.0
0.0	0.018052849683032186	0.14720343746978345	0.018052849683032186	0.0	0.14721471366869257	0.14720343746978345	0.14721471366869257	0.0
0.0	0.025221124233989044	0.25085971406053514	0.025221124233989044	0.0	0.334465632472868	0.25085971406053514	0.334465632472868	0.0
0.0	-0.01632184937226304	0.43240390662562395	-0.01632184937226304	0.0	0.15532020907616254	0.43240390662562395	0.15532020907616254	0.0
0.0	-0.023860220917185922	0.4820487233320839	-0.023860220917185922	0.0	0.41242702251875124	0.4820487233320839	0.41242702251875124	0.0
0.0	0.13119411309995724	0.8750597001596392	0.13119411309995724	0.0	0.31658344842241026	0.8750597001596392	0.31658344842241026	0.0
0.0	0.05770692588162483	0.2741439460975228	0.05770692588162483	0.0	0.6098689282960899	0.2741439460975228	0.6098689282960899	0.0
0.0	0.04536506810537315	0.5343518152160242	0.04536506810537315	0.0	0.8666430845419264	0.5343518152160242	0.8666430845419264	0.0
0.0	0.09852358574114747	1.58421381604762	0.09852358574114747	0.0	0.5586053882725444	1.58421381604762	0.5586053882725444	0.0
0.0	-0.010063192356648647	0.5525692000615594	-0.010063192356648647	0.0	0.42726040791116887	0.5525692000615594	0.42726040791116887	0.0
0.0	0.0443279115594289	0.02044143422411743	0.0443279115594289	0.0	0.025908960778718036	0.02044143422411743	0.025908960778718036	0.0
0.0	0.03422638170452231	0.12191808324275302	0.03422638170452231	0.0	0.1754442649434981	0.12191808324275302	0.1754442649434981	0.0
0.0	0.14853292846413638	0.24316752302736006	0.14853292846413638	0.0	0.53238849520633	0.24316752302736006	0.53238849520633	0.0
