population in sample
0	0	1

generation in sample
0.0	1000.0	1000.0

expected_linearlized_fst_array
0.0	0.025	0.07495	0.025	0.0	0.04995	0.07495	0.04995	0.0	

mean_linearlized_fst_array
0.0	0.025093999677628653	0.10142867398918004	0.025093999677628653	0.0	0.07576163549824583	0.10142867398918004	0.07576163549824583	0.0

median_linearlized_fst_array
0.0	0.02405503702453591	0.09932426140935449	0.02405503702453591	0.0	0.07340525977293484	0.09932426140935449	0.07340525977293484	0.0

std_linearlized_fst_array
0.0	0.011642611130438768	0.022284639201242826	0.011642611130438768	0.0	0.02531306411809605	0.022284639201242826	0.02531306411809605	0.0

linearlized_fst_array
0.0	0.022509134200874484	0.11073582232951752	0.022509134200874484	0.0	0.05432727526422861	0.11073582232951752	0.05432727526422861	0.0
0.0	0.035029177435368486	0.09897025537627592	0.035029177435368486	0.0	0.08102436009681777	0.09897025537627592	0.08102436009681777	0.0
0.0	0.02333240336699645	0.09290085100035471	0.02333240336699645	0.0	0.07835341001719096	0.09290085100035471	0.07835341001719096	0.0
0.0	0.00983444585212907	0.11518976329935443	0.00983444585212907	0.0	0.10322381507646147	0.11518976329935443	0.10322381507646147	0.0
0.0	0.01700567636630299	0.08847234431468327	0.01700567636630299	0.0	0.06276234517993531	0.08847234431468327	0.06276234517993531	0.0
0.0	0.017570118896490343	0.09708324226624224	0.017570118896490343	0.0	0.07032203014881547	0.09708324226624224	0.07032203014881547	0.0
0.0	0.04694333921183423	0.10563255840905146	0.04694333921183423	0.0	0.10669348139723817	0.10563255840905146	0.10669348139723817	0.0
0.0	0.0294606580227125	0.11549280044004265	0.0294606580227125	0.0	0.1130673463385864	0.11549280044004265	0.1130673463385864	0.0
0.0	0.014201429713533517	0.08815699297446257	0.014201429713533517	0.0	0.04079844802937203	0.08815699297446257	0.04079844802937203	0.0
0.0	0.03661779183476468	0.10271872100763182	0.03661779183476468	0.0	0.09600472952998002	0.10271872100763182	0.09600472952998002	0.0
0.0	0.012973307474655775	0.0938154822597065	0.012973307474655775	0.0	0.046007450050775923	0.0938154822597065	0.046007450050775923	0.0
0.0	0.03819858085477208	0.08459335632783466	0.03819858085477208	0.0	0.10683167988318149	0.08459335632783466	0.10683167988318149	0.0
0.0	0.04316961428006325	0.09287500633732788	0.04316961428006325	0.0	0.08730030659993647	0.09287500633732788	0.08730030659993647	0.0
0.0	0.0152475756329482	0.0697785461006969	0.0152475756329482	0.0	0.04239223960112467	0.0697785461006969	0.04239223960112467	0.0
0.0	0.019028179370375528	0.095097029706493	0.019028179370375528	0.0	0.061512100028539594	0.095097029706493	0.061512100028539594	0.0
0.0	0.010910986354015802	0.12172408764197877	0.010910986354015802	0.0	0.08100508325637734	0.12172408764197877	0.08100508325637734	0.0
0.0	0.027686514031675935	0.11675377367658361	0.027686514031675935	0.0	0.07246631788507164	0.11675377367658361	0.07246631788507164	0.0
0.0	0.025985753517763638	0.0829874170345778	0.025985753517763638	0.0	0.07959757531056046	0.0829874170345778	0.07959757531056046	0.0
0.0	0.032206460825430085	0.13830553477585594	0.032206460825430085	0.0	0.13165799905443004	0.13830553477585594	0.13165799905443004	0.0
0.0	0.007762645214244393	0.09913038296017329	0.007762645214244393	0.0	0.07944355081933198	0.09913038296017329	0.07944355081933198	0.0
0.0	0.007715741848122121	0.12169788195707486	0.007715741848122121	0.0	0.09132203703274767	0.12169788195707486	0.09132203703274767	0.0
0.0	0.004502545878366073	0.10985977202861714	0.004502545878366073	0.0	0.07396987452957555	0.10985977202861714	0.07396987452957555	0.0
0.0	0.04314386517438866	0.10742045152113931	0.04314386517438866	0.0	0.11160617816235334	0.10742045152113931	0.11160617816235334	0.0
0.0	0.020902844136899294	0.06664195355948486	0.020902844136899294	0.0	0.055894497541048575	0.06664195355948486	0.055894497541048575	0.0
0.0	0.024422282755801664	0.09466820538420642	0.024422282755801664	0.0	0.06652578870601225	0.09466820538420642	0.06652578870601225	0.0
0.0	0.026605713826010503	0.09863491360891935	0.026605713826010503	0.0	0.058722635973808814	0.09863491360891935	0.058722635973808814	0.0
0.0	0.03282437285169379	0.09168957700960678	0.03282437285169379	0.0	0.05750700653941473	0.09168957700960678	0.05750700653941473	0.0
0.0	0.006484356596755042	0.134319939191338	0.006484356596755042	0.0	0.08841719426855789	0.134319939191338	0.08841719426855789	0.0
0.0	0.016175503137079075	0.07437366834485427	0.016175503137079075	0.0	0.056103312745630594	0.07437366834485427	0.056103312745630594	0.0
0.0	0.015957653709172796	0.1075721826919909	0.015957653709172796	0.0	0.06182393555809039	0.1075721826919909	0.06182393555809039	0.0
0.0	0.04772647568056409	0.15110708121885413	0.04772647568056409	0.0	0.18938241827989513	0.15110708121885413	0.18938241827989513	0.0
0.0	0.03044133512005912	0.09288336206045139	0.03044133512005912	0.0	0.0435349484956862	0.09288336206045139	0.0435349484956862	0.0
0.0	0.029024454094444516	0.07619046232372516	0.029024454094444516	0.0	0.047442961430554244	0.07619046232372516	0.047442961430554244	0.0
0.0	0.0284107231243458	0.1132697682388976	0.0284107231243458	0.0	0.10763620289533953	0.1132697682388976	0.10763620289533953	0.0
0.0	0.014112803365749535	0.09100789154036693	0.014112803365749535	0.0	0.05762747066355907	0.09100789154036693	0.05762747066355907	0.0
0.0	0.038602127347180167	0.09850227613027779	0.038602127347180167	0.0	0.1084496674958163	0.09850227613027779	0.1084496674958163	0.0
0.0	0.018723318512039483	0.0995416284689967	0.018723318512039483	0.0	0.08875468285747723	0.0995416284689967	0.08875468285747723	0.0
0.0	0.029227542263855835	0.11619158246265718	0.029227542263855835	0.0	0.09411884136434782	0.11619158246265718	0.09411884136434782	0.0
0.0	0.036466824601063194	0.1507023819559535	0.036466824601063194	0.0	0.12244300059063941	0.1507023819559535	0.12244300059063941	0.0
0.0	0.009694662521544363	0.1082605539139335	0.009694662521544363	0.0	0.07386979148226612	0.1082605539139335	0.07386979148226612	0.0
0.0	0.008011535570393498	0.10620145499648317	0.008011535570393498	0.0	0.05708561635567939	0.10620145499648317	0.05708561635567939	0.0
0.0	0.017493095169395706	0.08526827953190509	0.017493095169395706	0.0	0.06587695565226817	0.08526827953190509	0.06587695565226817	0.0
0.0	0.01055000904023702	0.0914446483611478	0.01055000904023702	0.0	0.06120333387203058	0.0914446483611478	0.06120333387203058	0.0
0.0	0.014226109553426347	0.09193343571455004	0.014226109553426347	0.0	0.08640296966418395	0.09193343571455004	0.08640296966418395	0.0
0.0	0.026694430438996886	0.06383764982552506	0.026694430438996886	0.0	0.01492844152762357	0.06383764982552506	0.01492844152762357	0.0
0.0	0.019738293618824374	0.11725447757256428	0.019738293618824374	0.0	0.11248637434507669	0.11725447757256428	0.11248637434507669	0.0
0.0	0.03191927098016354	0.08021133608056827	0.03191927098016354	0.0	0.07617602427920225	0.08021133608056827	0.07617602427920225	0.0
0.0	0.026445257917076793	0.10724912935902407	0.026445257917076793	0.0	0.06656248243294662	0.10724912935902407	0.06656248243294662	0.0
0.0	0.035653440511409056	0.10801810872192297	0.035653440511409056	0.0	0.10129473444264629	0.10801810872192297	0.10129473444264629	0.0
0.0	0.01902043262598171	0.06726085415391511	0.01902043262598171	0.0	0.03800114386963061	0.06726085415391511	0.03800114386963061	0.0
0.0	0.028075972621815052	0.1308930296370192	0.028075972621815052	0.0	0.09354907301459613	0.1308930296370192	0.09354907301459613	0.0
0.0	0.01956791184816095	0.10846831767677365	0.01956791184816095	0.0	0.11103406625358357	0.10846831767677365	0.11103406625358357	0.0
0.0	0.03292369953128199	0.0697584407112945	0.03292369953128199	0.0	0.05357749945247208	0.0697584407112945	0.05357749945247208	0.0
0.0	0.013427749020342777	0.12264373445494431	0.013427749020342777	0.0	0.08327595200833954	0.12264373445494431	0.08327595200833954	0.0
0.0	0.01603528148782992	0.09617022722515717	0.01603528148782992	0.0	0.06515261627904441	0.09617022722515717	0.06515261627904441	0.0
0.0	0.025086592666773676	0.08111890795390951	0.025086592666773676	0.0	0.05281359906212213	0.08111890795390951	0.05281359906212213	0.0
0.0	0.016391295015925508	0.124041509029678	0.016391295015925508	0.0	0.04363347595736654	0.124041509029678	0.04363347595736654	0.0
0.0	0.01688733428554149	0.08641619174725161	0.01688733428554149	0.0	0.06778985125008782	0.08641619174725161	0.06778985125008782	0.0
0.0	0.029303346187732695	0.13235744679475184	0.029303346187732695	0.0	0.07643435197484856	0.13235744679475184	0.07643435197484856	0.0
0.0	0.014176863252475632	0.11397970448018425	0.014176863252475632	0.0	0.07960800222043306	0.11397970448018425	0.07960800222043306	0.0
0.0	0.020656684077703432	0.07416264463750287	0.020656684077703432	0.0	0.04216733276549882	0.07416264463750287	0.04216733276549882	0.0
0.0	0.028019377553764196	0.12258113899972559	0.028019377553764196	0.0	0.10343060029625885	0.12258113899972559	0.10343060029625885	0.0
0.0	0.026217819883550576	0.07116925562105128	0.026217819883550576	0.0	0.09793183185661672	0.07116925562105128	0.09793183185661672	0.0
0.0	0.02078938200439869	0.14065632285145996	0.02078938200439869	0.0	0.07449980293509384	0.14065632285145996	0.07449980293509384	0.0
0.0	0.018531555854237384	0.09843079656288474	0.018531555854237384	0.0	0.05500343036359933	0.09843079656288474	0.05500343036359933	0.0
0.0	0.014193940016983526	0.11679666799677837	0.014193940016983526	0.0	0.09687327502667062	0.11679666799677837	0.09687327502667062	0.0
0.0	0.026756019119784626	0.12012184148114508	0.026756019119784626	0.0	0.10060318685557618	0.12012184148114508	0.10060318685557618	0.0
0.0	0.023857179806835077	0.09258791309485705	0.023857179806835077	0.0	0.05574503172762257	0.09258791309485705	0.05574503172762257	0.0
0.0	0.01560032715361731	0.08259490564887452	0.01560032715361731	0.0	0.05367112415991129	0.08259490564887452	0.05367112415991129	0.0
0.0	0.006049599554342152	0.10171756610364145	0.006049599554342152	0.0	0.06447257783724812	0.10171756610364145	0.06447257783724812	0.0
0.0	0.010193101377961929	0.10583047050250732	0.010193101377961929	0.0	0.07822604842245773	0.10583047050250732	0.07822604842245773	0.0
0.0	0.02155654890542274	0.06905644457896626	0.02155654890542274	0.0	0.046959694808413395	0.06905644457896626	0.046959694808413395	0.0
0.0	0.020951796572117765	0.11514444796621932	0.020951796572117765	0.0	0.08041253328238629	0.11514444796621932	0.08041253328238629	0.0
0.0	0.030201020484442197	0.054066165308223696	0.030201020484442197	0.0	0.037776712567520444	0.054066165308223696	0.037776712567520444	0.0
0.0	0.008830715165816351	0.11458168975905479	0.008830715165816351	0.0	0.09814176463872257	0.11458168975905479	0.09814176463872257	0.0
0.0	0.03166477499625798	0.07490893638684377	0.03166477499625798	0.0	0.05113850938575286	0.07490893638684377	0.05113850938575286	0.0
0.0	0.02618717988386681	0.13501660357297635	0.02618717988386681	0.0	0.1005647165122906	0.13501660357297635	0.1005647165122906	0.0
0.0	0.03530150840333638	0.08905858366687863	0.03530150840333638	0.0	0.06198975740612591	0.08905858366687863	0.06198975740612591	0.0
0.0	0.016601081894597393	0.10235506671207693	0.016601081894597393	0.0	0.08611238908968781	0.10235506671207693	0.08611238908968781	0.0
0.0	0.013765056259088592	0.09765646295678347	0.013765056259088592	0.0	0.08577996796242847	0.09765646295678347	0.08577996796242847	0.0
0.0	0.019025427067289304	0.1426632094745855	0.019025427067289304	0.0	0.07941797000410836	0.1426632094745855	0.07941797000410836	0.0
0.0	0.030800853057283317	0.12502524336966975	0.030800853057283317	0.0	0.08676018672732702	0.12502524336966975	0.08676018672732702	0.0
0.0	0.017943353133984954	0.08233598325940751	0.017943353133984954	0.0	0.05755906528378752	0.08233598325940751	0.05755906528378752	0.0
0.0	0.012558947695424654	0.1219852951220535	0.012558947695424654	0.0	0.08038968481373761	0.1219852951220535	0.08038968481373761	0.0
0.0	0.0292727710150637	0.13863159580586928	0.0292727710150637	0.0	0.07468512803401887	0.13863159580586928	0.07468512803401887	0.0
0.0	0.005419894418712231	0.09276708263335567	0.005419894418712231	0.0	0.06431903172620626	0.09276708263335567	0.06431903172620626	0.0
0.0	0.01905071047527683	0.06499431718785725	0.01905071047527683	0.0	0.0760924753748446	0.06499431718785725	0.0760924753748446	0.0
0.0	0.006744272077177037	0.08434052933017082	0.006744272077177037	0.0	0.06927702419239315	0.08434052933017082	0.06927702419239315	0.0
0.0	0.013705397039107925	0.09701267258365719	0.013705397039107925	0.0	0.04903390941532053	0.09701267258365719	0.04903390941532053	0.0
0.0	0.015300198658556915	0.06636007066790563	0.015300198658556915	0.0	0.04292870084194549	0.06636007066790563	0.04292870084194549	0.0
0.0	0.012308302485434745	0.13984032955871645	0.012308302485434745	0.0	0.10822882908268718	0.13984032955871645	0.10822882908268718	0.0
0.0	0.0502427200610096	0.07047388173078754	0.0502427200610096	0.0	0.06857572906866816	0.07047388173078754	0.06857572906866816	0.0
0.0	0.030796013740336876	0.11729417050827966	0.030796013740336876	0.0	0.0700676107325385	0.11729417050827966	0.0700676107325385	0.0
0.0	0.015893771843998275	0.096003563754309	0.015893771843998275	0.0	0.05958205651149736	0.096003563754309	0.05958205651149736	0.0
0.0	0.01610880351969038	0.07334531324433452	0.01610880351969038	0.0	0.05583827493260009	0.07334531324433452	0.05583827493260009	0.0
0.0	0.02744294875850143	0.049578770423083424	0.02744294875850143	0.0	0.049952874646547976	0.049578770423083424	0.049952874646547976	0.0
0.0	0.036141251306779476	0.11401603415145986	0.036141251306779476	0.0	0.10894923205300801	0.11401603415145986	0.10894923205300801	0.0
0.0	0.021840625693107657	0.13673639047480396	0.021840625693107657	0.0	0.09790158812806161	0.13673639047480396	0.09790158812806161	0.0
0.0	0.0404634332630233	0.10286234683102435	0.0404634332630233	0.0	0.10340938923192158	0.10286234683102435	0.10340938923192158	0.0
0.0	0.021161911704309727	0.10761567193188677	0.021161911704309727	0.0	0.030501971650853325	0.10761567193188677	0.030501971650853325	0.0
0.0	0.029267079052280896	0.12122157840853225	0.029267079052280896	0.0	0.10173380398667799	0.12122157840853225	0.10173380398667799	0.0
0.0	0.020208277244626392	0.09055186825738663	0.020208277244626392	0.0	0.09242053224909651	0.09055186825738663	0.09242053224909651	0.0
0.0	0.011470646172034277	0.10339529999058987	0.011470646172034277	0.0	0.06415170875163412	0.10339529999058987	0.06415170875163412	0.0
0.0	0.016504080226569	0.08269308290986134	0.016504080226569	0.0	0.06740094407093247	0.08269308290986134	0.06740094407093247	0.0
0.0	0.019048801248384834	0.10014279368541674	0.019048801248384834	0.0	0.07737690711302933	0.10014279368541674	0.07737690711302933	0.0
0.0	0.034949607995122034	0.10478383350617484	0.034949607995122034	0.0	0.07726723399969582	0.10478383350617484	0.07726723399969582	0.0
0.0	0.033167672464762515	0.10244619784585153	0.033167672464762515	0.0	0.0841742782626251	0.10244619784585153	0.0841742782626251	0.0
0.0	0.013394847662309113	0.08161890898764006	0.013394847662309113	0.0	0.06693548387095016	0.08161890898764006	0.06693548387095016	0.0
0.0	0.02648155999999702	0.13040168738273714	0.02648155999999702	0.0	0.11178972625147467	0.13040168738273714	0.11178972625147467	0.0
0.0	0.02068100835249651	0.10180171962641862	0.02068100835249651	0.0	0.09920058316120273	0.10180171962641862	0.09920058316120273	0.0
0.0	0.04850002008685499	0.17159072266119077	0.04850002008685499	0.0	0.12513170284781575	0.17159072266119077	0.12513170284781575	0.0
0.0	0.04194465959083556	0.08576413677910935	0.04194465959083556	0.0	0.06585022755481114	0.08576413677910935	0.06585022755481114	0.0
0.0	0.01630204256497727	0.14290378777260643	0.01630204256497727	0.0	0.08941017282734931	0.14290378777260643	0.08941017282734931	0.0
0.0	0.026402959725797783	0.13737990017060983	0.026402959725797783	0.0	0.11577280304832678	0.13737990017060983	0.11577280304832678	0.0
0.0	0.025305908681042953	0.11187145076378192	0.025305908681042953	0.0	0.08349264381989321	0.11187145076378192	0.08349264381989321	0.0
0.0	0.027198252059423268	0.08055100648446147	0.027198252059423268	0.0	0.055274665374595015	0.08055100648446147	0.055274665374595015	0.0
0.0	0.033156372354357484	0.14863538133142223	0.033156372354357484	0.0	0.10144107573258374	0.14863538133142223	0.10144107573258374	0.0
0.0	0.04275187686918418	0.10330961594112176	0.04275187686918418	0.0	0.06735812712992735	0.10330961594112176	0.06735812712992735	0.0
0.0	0.03399009896850959	0.0941778309284366	0.03399009896850959	0.0	0.056797797289141486	0.0941778309284366	0.056797797289141486	0.0
0.0	0.040936941482279575	0.11900838377022488	0.040936941482279575	0.0	0.0818842188738705	0.11900838377022488	0.0818842188738705	0.0
0.0	0.018433045505218373	0.08952984542930871	0.018433045505218373	0.0	0.05821939254773692	0.08952984542930871	0.05821939254773692	0.0
0.0	0.05469365752713353	0.09040368282031909	0.05469365752713353	0.0	0.11388612967307872	0.09040368282031909	0.11388612967307872	0.0
0.0	0.01680120982339472	0.07977387114047356	0.01680120982339472	0.0	0.042507876804331324	0.07977387114047356	0.042507876804331324	0.0
0.0	0.030252558301239706	0.06972936898874221	0.030252558301239706	0.0	0.04939465401042888	0.06972936898874221	0.04939465401042888	0.0
0.0	0.012589075916727284	0.11377516056790253	0.012589075916727284	0.0	0.08880271224223057	0.11377516056790253	0.08880271224223057	0.0
0.0	0.011324772545532028	0.08534145060391214	0.011324772545532028	0.0	0.06157985559238417	0.08534145060391214	0.06157985559238417	0.0
0.0	0.032685860587162364	0.11040669653299899	0.032685860587162364	0.0	0.09143212702361032	0.11040669653299899	0.09143212702361032	0.0
0.0	0.021878757759849078	0.08862762209668945	0.021878757759849078	0.0	0.06680019118281459	0.08862762209668945	0.06680019118281459	0.0
0.0	0.013441995319008887	0.10605914335880087	0.013441995319008887	0.0	0.09916664046035743	0.10605914335880087	0.09916664046035743	0.0
0.0	0.05040353959096939	0.09536815729665583	0.05040353959096939	0.0	0.08442991893367538	0.09536815729665583	0.08442991893367538	0.0
0.0	0.02369187178491141	0.07275828537599006	0.02369187178491141	0.0	0.03344088570925557	0.07275828537599006	0.03344088570925557	0.0
0.0	0.0600338561566417	0.09514378063246186	0.0600338561566417	0.0	0.06998324993863937	0.09514378063246186	0.06998324993863937	0.0
0.0	0.04259468362639018	0.08455239500667731	0.04259468362639018	0.0	0.09560016245552708	0.08455239500667731	0.09560016245552708	0.0
0.0	0.031752094860674436	0.11578195056653148	0.031752094860674436	0.0	0.12158898875852756	0.11578195056653148	0.12158898875852756	0.0
0.0	0.026136889988746356	0.10572769046416218	0.026136889988746356	0.0	0.06777037665010038	0.10572769046416218	0.06777037665010038	0.0
0.0	0.011794980290615457	0.1081685648679172	0.011794980290615457	0.0	0.05917734838338718	0.1081685648679172	0.05917734838338718	0.0
0.0	0.037345217397727	0.091273547151134	0.037345217397727	0.0	0.07353941170962963	0.091273547151134	0.07353941170962963	0.0
0.0	0.024011841604571264	0.0680255716888742	0.024011841604571264	0.0	0.05996570659604238	0.0680255716888742	0.05996570659604238	0.0
0.0	0.02847782356428053	0.0791984041228326	0.02847782356428053	0.0	0.05589890623339603	0.0791984041228326	0.05589890623339603	0.0
0.0	0.01825432184324168	0.09022218857453806	0.01825432184324168	0.0	0.057074226943615	0.09022218857453806	0.057074226943615	0.0
0.0	0.012637884282514108	0.10729337318675657	0.012637884282514108	0.0	0.054921247587594174	0.10729337318675657	0.054921247587594174	0.0
0.0	0.028086794424924233	0.12436801400250196	0.028086794424924233	0.0	0.09900341296925731	0.12436801400250196	0.09900341296925731	0.0
0.0	0.029720442773260435	0.10059845328938823	0.029720442773260435	0.0	0.07792095454949223	0.10059845328938823	0.07792095454949223	0.0
0.0	0.024998090506052055	0.11106830405921997	0.024998090506052055	0.0	0.08412599756357236	0.11106830405921997	0.08412599756357236	0.0
0.0	0.019201026958304713	0.10788538440102219	0.019201026958304713	0.0	0.10414165666263374	0.10788538440102219	0.10414165666263374	0.0
0.0	0.018325156177982513	0.1089272984069376	0.018325156177982513	0.0	0.09540330197136357	0.1089272984069376	0.09540330197136357	0.0
0.0	0.048679835938119566	0.08275358511084013	0.048679835938119566	0.0	0.052162485989246665	0.08275358511084013	0.052162485989246665	0.0
0.0	0.027886199284339497	0.08549463522243325	0.027886199284339497	0.0	0.10026486437113172	0.08549463522243325	0.10026486437113172	0.0
0.0	0.03014828351955129	0.05709384508069415	0.03014828351955129	0.0	0.06521143777686203	0.05709384508069415	0.06521143777686203	0.0
0.0	0.01667618355822848	0.0803743873482671	0.01667618355822848	0.0	0.05008098640180367	0.0803743873482671	0.05008098640180367	0.0
0.0	0.010786803219516002	0.1436672955371858	0.010786803219516002	0.0	0.12308049792527354	0.1436672955371858	0.12308049792527354	0.0
0.0	0.01349208696684947	0.05273137990412486	0.01349208696684947	0.0	0.047490232716120656	0.05273137990412486	0.047490232716120656	0.0
0.0	0.01658547874739935	0.12241965525986162	0.01658547874739935	0.0	0.10171154247544653	0.12241965525986162	0.10171154247544653	0.0
0.0	0.028611715184852553	0.09125684293393961	0.028611715184852553	0.0	0.06505190311416859	0.09125684293393961	0.06505190311416859	0.0
0.0	0.027532992679761534	0.07964224838108241	0.027532992679761534	0.0	0.08561452998368571	0.07964224838108241	0.08561452998368571	0.0
0.0	0.018299086035129256	0.10997014101640375	0.018299086035129256	0.0	0.05501401326131349	0.10997014101640375	0.05501401326131349	0.0
0.0	0.01753063418291271	0.10227212061874996	0.01753063418291271	0.0	0.0630121729833029	0.10227212061874996	0.0630121729833029	0.0
0.0	0.03258747983476338	0.055898580875666695	0.03258747983476338	0.0	0.027219126828751553	0.055898580875666695	0.027219126828751553	0.0
0.0	0.008873892629774605	0.10992491870314691	0.008873892629774605	0.0	0.07091173479984415	0.10992491870314691	0.07091173479984415	0.0
0.0	0.02628344687088851	0.06231186634253725	0.02628344687088851	0.0	0.062130814843354906	0.06231186634253725	0.062130814843354906	0.0
0.0	0.03830524410761517	0.06263442386202692	0.03830524410761517	0.0	0.053859315589332636	0.06263442386202692	0.053859315589332636	0.0
0.0	0.03686491635357458	0.10858709107287383	0.03686491635357458	0.0	0.09312269615584992	0.10858709107287383	0.09312269615584992	0.0
0.0	0.02542630093432032	0.1011091489662575	0.02542630093432032	0.0	0.07898084719696752	0.1011091489662575	0.07898084719696752	0.0
0.0	0.003267014421357028	0.09305295285947034	0.003267014421357028	0.0	0.07825177890936359	0.09305295285947034	0.07825177890936359	0.0
0.0	0.05496688444441103	0.10206383543034413	0.05496688444441103	0.0	0.09327272727270482	0.10206383543034413	0.09327272727270482	0.0
0.0	0.035470664267661024	0.04677118119903588	0.035470664267661024	0.0	0.07516815457988586	0.04677118119903588	0.07516815457988586	0.0
0.0	0.03827013997176866	0.09403294030721002	0.03827013997176866	0.0	0.07361364567426387	0.09403294030721002	0.07361364567426387	0.0
0.0	0.03121110965436053	0.1125157263551118	0.03121110965436053	0.0	0.08208007125777912	0.1125157263551118	0.08208007125777912	0.0
0.0	0.007258522050374223	0.1096194283795319	0.007258522050374223	0.0	0.07904584672642447	0.1096194283795319	0.07904584672642447	0.0
0.0	0.03524913334164094	0.1173825959727759	0.03524913334164094	0.0	0.09856007267771834	0.1173825959727759	0.09856007267771834	0.0
0.0	0.01814121104448738	0.1128500615446202	0.01814121104448738	0.0	0.06571084227758929	0.1128500615446202	0.06571084227758929	0.0
0.0	0.012609613838972479	0.09256567406587554	0.012609613838972479	0.0	0.06922997841060569	0.09256567406587554	0.06922997841060569	0.0
0.0	0.026176893616853554	0.14609752822875918	0.026176893616853554	0.0	0.12439065502475587	0.14609752822875918	0.12439065502475587	0.0
0.0	0.017480283170531356	0.09975552733988272	0.017480283170531356	0.0	0.0750426312223949	0.09975552733988272	0.0750426312223949	0.0
0.0	0.010476188687798224	0.0954015580255697	0.010476188687798224	0.0	0.048643363480803586	0.0954015580255697	0.048643363480803586	0.0
0.0	0.014179856276144752	0.10064836377353055	0.014179856276144752	0.0	0.07263266679484057	0.10064836377353055	0.07263266679484057	0.0
0.0	0.00787314580827384	0.09280376079870194	0.00787314580827384	0.0	0.05481712028379554	0.09280376079870194	0.05481712028379554	0.0
0.0	0.017437746070794534	0.09573048168728861	0.017437746070794534	0.0	0.08994491666270574	0.09573048168728861	0.08994491666270574	0.0
0.0	0.027538031820147024	0.08178607789044814	0.027538031820147024	0.0	0.05928709055873599	0.08178607789044814	0.05928709055873599	0.0
0.0	0.02622156337061155	0.08710440894418237	0.02622156337061155	0.0	0.04470703971330334	0.08710440894418237	0.04470703971330334	0.0
0.0	0.01671223764852345	0.11281844942107015	0.01671223764852345	0.0	0.07300685001530585	0.11281844942107015	0.07300685001530585	0.0
0.0	0.05021084477600944	0.12668686285888028	0.05021084477600944	0.0	0.0798811140057837	0.12668686285888028	0.0798811140057837	0.0
0.0	0.026179160168266827	0.10426412951929197	0.026179160168266827	0.0	0.07377900701562598	0.10426412951929197	0.07377900701562598	0.0
0.0	0.025064034936907974	0.1040510429906091	0.025064034936907974	0.0	0.049679525415626	0.1040510429906091	0.049679525415626	0.0
0.0	0.021966003103691824	0.07646166025358413	0.021966003103691824	0.0	0.044322830044484285	0.07646166025358413	0.044322830044484285	0.0
0.0	0.009621494444058978	0.07631536743368472	0.009621494444058978	0.0	0.04994980879540737	0.07631536743368472	0.04994980879540737	0.0
0.0	0.043066492634173496	0.09120060655212713	0.043066492634173496	0.0	0.09150334253574187	0.09120060655212713	0.09150334253574187	0.0
0.0	0.020915686583808574	0.05542850506369023	0.020915686583808574	0.0	0.029907666724996253	0.05542850506369023	0.029907666724996253	0.0
0.0	0.029234328640769185	0.09018096217097817	0.029234328640769185	0.0	0.08106184746475742	0.09018096217097817	0.08106184746475742	0.0
0.0	0.009892294725250377	0.09219940436406876	0.009892294725250377	0.0	0.05297415561327855	0.09219940436406876	0.05297415561327855	0.0
0.0	0.015738237781692862	0.0813696932110885	0.015738237781692862	0.0	0.07329637802052813	0.0813696932110885	0.07329637802052813	0.0
0.0	0.014675804814738824	0.12671521230524804	0.014675804814738824	0.0	0.050054212785172955	0.12671521230524804	0.050054212785172955	0.0
0.0	0.0550251578663232	0.12639466985762385	0.0550251578663232	0.0	0.05369088299182787	0.12639466985762385	0.05369088299182787	0.0
0.0	0.044786134225697896	0.16149789761119468	0.044786134225697896	0.0	0.11921795605204549	0.16149789761119468	0.11921795605204549	0.0
0.0	0.02055130704920129	0.11220163981813557	0.02055130704920129	0.0	0.06060278416000582	0.11220163981813557	0.06060278416000582	0.0
0.0	0.026180424747606443	0.1652994051419662	0.026180424747606443	0.0	0.11685021752641295	0.1652994051419662	0.11685021752641295	0.0
0.0	0.03459126545963466	0.09520666313821617	0.03459126545963466	0.0	0.08587432056207998	0.09520666313821617	0.08587432056207998	0.0
0.0	0.009714382310702504	0.07398306125797277	0.009714382310702504	0.0	0.04270217074080314	0.07398306125797277	0.04270217074080314	0.0
0.0	0.01868112445556276	0.10429054879110183	0.01868112445556276	0.0	0.04143333054721786	0.10429054879110183	0.04143333054721786	0.0
0.0	0.02551978344434441	0.10362435608939453	0.02551978344434441	0.0	0.09765486889763686	0.10362435608939453	0.09765486889763686	0.0
0.0	0.0133710574173457	0.10522686332813513	0.0133710574173457	0.0	0.0756593476329377	0.10522686332813513	0.0756593476329377	0.0
0.0	0.025280135336196906	0.08778048460000007	0.025280135336196906	0.0	0.053210107377515685	0.08778048460000007	0.053210107377515685	0.0
0.0	0.040440059030705335	0.11156862399928076	0.040440059030705335	0.0	0.06915401798498329	0.11156862399928076	0.06915401798498329	0.0
0.0	0.04507317617806815	0.11543141543299831	0.04507317617806815	0.0	0.11041257367384455	0.11543141543299831	0.11041257367384455	0.0
0.0	0.026034225459742634	0.09670903373515902	0.026034225459742634	0.0	0.07408587180485428	0.09670903373515902	0.07408587180485428	0.0
0.0	0.037704436891159085	0.1332328072770911	0.037704436891159085	0.0	0.11799052132699996	0.1332328072770911	0.11799052132699996	0.0
0.0	0.02068967035286443	0.1387200347740835	0.02068967035286443	0.0	0.11396416010715057	0.1387200347740835	0.11396416010715057	0.0
0.0	0.008760990353591425	0.08173010152597944	0.008760990353591425	0.0	0.06301308926723058	0.08173010152597944	0.06301308926723058	0.0
0.0	0.01243695183764047	0.12601139186221608	0.01243695183764047	0.0	0.07980821522510845	0.12601139186221608	0.07980821522510845	0.0
0.0	0.032910599524008544	0.10026199879681433	0.032910599524008544	0.0	0.08173243503366097	0.10026199879681433	0.08173243503366097	0.0
0.0	0.011051683668039122	0.1160451359657146	0.011051683668039122	0.0	0.11032087789968414	0.1160451359657146	0.11032087789968414	0.0
0.0	0.0089035635557614	0.09503265508241435	0.0089035635557614	0.0	0.06549773997984974	0.09503265508241435	0.06549773997984974	0.0
0.0	0.009291849226278731	0.0886222453444492	0.009291849226278731	0.0	0.060394983285509365	0.0886222453444492	0.060394983285509365	0.0
0.0	0.008954371818031229	0.11005634884322504	0.008954371818031229	0.0	0.0718385067211314	0.11005634884322504	0.0718385067211314	0.0
0.0	0.027524667243175458	0.06940780634717128	0.027524667243175458	0.0	0.0352562461133213	0.06940780634717128	0.0352562461133213	0.0
0.0	0.03294670283454478	0.10459826202983243	0.03294670283454478	0.0	0.09603820346973793	0.10459826202983243	0.09603820346973793	0.0
0.0	0.028673112780914917	0.065376479937035	0.028673112780914917	0.0	0.03907435251024836	0.065376479937035	0.03907435251024836	0.0
0.0	0.013491906922156618	0.10199064544539542	0.013491906922156618	0.0	0.07284603992788577	0.10199064544539542	0.07284603992788577	0.0
0.0	0.020844551333618542	0.10301098675401374	0.020844551333618542	0.0	0.0666156843847119	0.10301098675401374	0.0666156843847119	0.0
0.0	0.019953583461723857	0.12163899229353596	0.019953583461723857	0.0	0.1007476022026735	0.12163899229353596	0.1007476022026735	0.0
0.0	0.028179439407389113	0.08624068235416486	0.028179439407389113	0.0	0.07264215328248333	0.08624068235416486	0.07264215328248333	0.0
0.0	0.05669125988603609	0.10826038917227143	0.05669125988603609	0.0	0.08785663018120775	0.10826038917227143	0.08785663018120775	0.0
0.0	0.04150295376821077	0.07062384414739273	0.04150295376821077	0.0	0.07621314349463834	0.07062384414739273	0.07621314349463834	0.0
0.0	0.04467170338929492	0.05947540123256472	0.04467170338929492	0.0	0.08836209581953548	0.05947540123256472	0.08836209581953548	0.0
0.0	0.03820439467922458	0.07434732515214157	0.03820439467922458	0.0	0.05984189997799911	0.07434732515214157	0.05984189997799911	0.0
0.0	0.0069026698453308975	0.08534928931157573	0.0069026698453308975	0.0	0.06802537173753055	0.08534928931157573	0.06802537173753055	0.0
0.0	0.0193040771732584	0.09674342942538332	0.0193040771732584	0.0	0.10814940172569032	0.09674342942538332	0.10814940172569032	0.0
0.0	0.0224565703871993	0.13110673556732458	0.0224565703871993	0.0	0.08937705613922782	0.13110673556732458	0.08937705613922782	0.0
0.0	0.01376527018120294	0.09212458242719129	0.01376527018120294	0.0	0.06116895588089995	0.09212458242719129	0.06116895588089995	0.0
0.0	0.03185923088531568	0.09542594106565432	0.03185923088531568	0.0	0.06865329512892777	0.09542594106565432	0.06865329512892777	0.0
0.0	0.037765803972262015	0.12313788351389379	0.037765803972262015	0.0	0.11017899889240489	0.12313788351389379	0.11017899889240489	0.0
0.0	0.03000733045975834	0.12470405232797234	0.03000733045975834	0.0	0.08747288442923701	0.12470405232797234	0.08747288442923701	0.0
0.0	0.008347361117613101	0.09144218772757645	0.008347361117613101	0.0	0.053388321304680623	0.09144218772757645	0.053388321304680623	0.0
0.0	0.0005755453441613285	0.10106722124674433	0.0005755453441613285	0.0	0.06096459148988847	0.10106722124674433	0.06096459148988847	0.0
0.0	0.02429203275479944	0.07092831196868545	0.02429203275479944	0.0	0.043798377676108335	0.07092831196868545	0.043798377676108335	0.0
0.0	0.029275461272937106	0.074443239412495	0.029275461272937106	0.0	0.05961608835954141	0.074443239412495	0.05961608835954141	0.0
0.0	0.04577355766152963	0.10965263461374929	0.04577355766152963	0.0	0.10101191151444937	0.10965263461374929	0.10101191151444937	0.0
0.0	0.023438025329908033	0.1142603683508552	0.023438025329908033	0.0	0.0523341523341421	0.1142603683508552	0.0523341523341421	0.0
0.0	0.02948989871769942	0.09498910913533903	0.02948989871769942	0.0	0.045178582824550506	0.09498910913533903	0.045178582824550506	0.0
0.0	0.03246383895351866	0.15025148126472354	0.03246383895351866	0.0	0.13300885948185934	0.15025148126472354	0.13300885948185934	0.0
0.0	0.011678717662965457	0.10552554255913162	0.011678717662965457	0.0	0.06313563135630197	0.10552554255913162	0.06313563135630197	0.0
0.0	0.017218207020794726	0.09908798695139087	0.017218207020794726	0.0	0.06794581622554485	0.09908798695139087	0.06794581622554485	0.0
0.0	0.011166408169974003	0.07411267415026894	0.011166408169974003	0.0	0.039239788199677064	0.07411267415026894	0.039239788199677064	0.0
0.0	0.058605001650163094	0.08957772339864112	0.058605001650163094	0.0	0.11555181238051666	0.08957772339864112	0.11555181238051666	0.0
0.0	0.023136380341982416	0.07871273713608297	0.023136380341982416	0.0	0.05084525093065363	0.07871273713608297	0.05084525093065363	0.0
0.0	0.028309407485800304	0.09729282251877223	0.028309407485800304	0.0	0.11204781377791462	0.09729282251877223	0.11204781377791462	0.0
0.0	0.02532386309087884	0.14083831133230368	0.02532386309087884	0.0	0.10486674643747496	0.14083831133230368	0.10486674643747496	0.0
0.0	0.03350565375987086	0.07568920457730471	0.03350565375987086	0.0	0.07763532930619169	0.07568920457730471	0.07763532930619169	0.0
0.0	0.005066191042607495	0.09530290107544534	0.005066191042607495	0.0	0.05572826968586965	0.09530290107544534	0.05572826968586965	0.0
0.0	0.02884653912454732	0.1340138788656316	0.02884653912454732	0.0	0.09537687457114463	0.1340138788656316	0.09537687457114463	0.0
0.0	0.025027292055710134	0.11279255371772683	0.025027292055710134	0.0	0.08939260563379567	0.11279255371772683	0.08939260563379567	0.0
0.0	0.015177896073407271	0.09546872050141181	0.015177896073407271	0.0	0.09911713544911158	0.09546872050141181	0.09911713544911158	0.0
0.0	0.0236050564574417	0.12142259615902422	0.0236050564574417	0.0	0.09074517394182152	0.12142259615902422	0.09074517394182152	0.0
0.0	0.0203645604682776	0.10614729256086063	0.0203645604682776	0.0	0.08824820793963609	0.10614729256086063	0.08824820793963609	0.0
0.0	0.013624023411650593	0.10500851941527926	0.013624023411650593	0.0	0.08759516684973974	0.10500851941527926	0.08759516684973974	0.0
0.0	0.018312102700979067	0.11641292354228862	0.018312102700979067	0.0	0.08804862342825431	0.11641292354228862	0.08804862342825431	0.0
0.0	0.03674120546524111	0.11823177758380903	0.03674120546524111	0.0	0.06976510740812925	0.11823177758380903	0.06976510740812925	0.0
0.0	0.030261610695533764	0.1364998994131083	0.030261610695533764	0.0	0.06317350679066747	0.1364998994131083	0.06317350679066747	0.0
0.0	0.02094685030868121	0.15230797131965046	0.02094685030868121	0.0	0.17461014925369853	0.15230797131965046	0.17461014925369853	0.0
0.0	0.027879189056784038	0.11207068990877252	0.027879189056784038	0.0	0.06744631515271855	0.11207068990877252	0.06744631515271855	0.0
0.0	0.012115759066025219	0.10359027846459606	0.012115759066025219	0.0	0.07474426653229212	0.10359027846459606	0.07474426653229212	0.0
0.0	0.021905762264471045	0.1282254911444335	0.021905762264471045	0.0	0.11828837558212162	0.1282254911444335	0.11828837558212162	0.0
0.0	0.031150865722479413	0.1339180291225025	0.031150865722479413	0.0	0.10276753339320947	0.1339180291225025	0.10276753339320947	0.0
0.0	0.04782252788505651	0.13489134615661	0.04782252788505651	0.0	0.0923774720044999	0.13489134615661	0.0923774720044999	0.0
0.0	0.025339328959484847	0.06858368897097256	0.025339328959484847	0.0	0.07955106448626217	0.06858368897097256	0.07955106448626217	0.0
0.0	0.015580250510424094	0.09058860698469637	0.015580250510424094	0.0	0.07077932520662014	0.09058860698469637	0.07077932520662014	0.0
0.0	0.025364939142694394	0.10913757237827222	0.025364939142694394	0.0	0.07283389600830638	0.10913757237827222	0.07283389600830638	0.0
0.0	0.00684988196779352	0.08953556085110674	0.00684988196779352	0.0	0.05004663143401335	0.08953556085110674	0.05004663143401335	0.0
0.0	0.04320434859226312	0.11723826824647615	0.04320434859226312	0.0	0.09250997008969894	0.11723826824647615	0.09250997008969894	0.0
0.0	0.037523943970353434	0.09975353278987988	0.037523943970353434	0.0	0.05385109323811985	0.09975353278987988	0.05385109323811985	0.0
0.0	0.028534062030266566	0.11849097507528064	0.028534062030266566	0.0	0.10274569210372098	0.11849097507528064	0.10274569210372098	0.0
0.0	0.02468921148123648	0.11590768665388462	0.02468921148123648	0.0	0.06645503077563922	0.11590768665388462	0.06645503077563922	0.0
0.0	0.03321842726397235	0.07360159221545716	0.03321842726397235	0.0	0.06482548331061787	0.07360159221545716	0.06482548331061787	0.0
0.0	0.02399091985756467	0.1106786599627962	0.02399091985756467	0.0	0.08570574162677272	0.1106786599627962	0.08570574162677272	0.0
0.0	0.009298617030019413	0.1253303906637616	0.009298617030019413	0.0	0.0881932107360541	0.1253303906637616	0.0881932107360541	0.0
0.0	0.016363148841764038	0.08148054195117449	0.016363148841764038	0.0	0.04627306976965071	0.08148054195117449	0.04627306976965071	0.0
0.0	0.04347786884576939	0.07557537968017554	0.04347786884576939	0.0	0.08496708449811773	0.07557537968017554	0.08496708449811773	0.0
0.0	0.03679148190627803	0.09549535904624104	0.03679148190627803	0.0	0.0737752161383085	0.09549535904624104	0.0737752161383085	0.0
0.0	0.03686839270614059	0.1079377471104666	0.03686839270614059	0.0	0.04920607819702169	0.1079377471104666	0.04920607819702169	0.0
0.0	0.041190759001959926	0.12273041776034027	0.041190759001959926	0.0	0.07770922502501999	0.12273041776034027	0.07770922502501999	0.0
0.0	0.02604023678789638	0.0884847330826054	0.02604023678789638	0.0	0.044633630956009016	0.0884847330826054	0.044633630956009016	0.0
0.0	0.05632631192456784	0.07326758653437843	0.05632631192456784	0.0	0.0818029721483821	0.07326758653437843	0.0818029721483821	0.0
0.0	0.034119533147157814	0.13218506208911865	0.034119533147157814	0.0	0.10058261968269847	0.13218506208911865	0.10058261968269847	0.0
0.0	0.03468034850787359	0.08852881096987227	0.03468034850787359	0.0	0.12019325130216606	0.08852881096987227	0.12019325130216606	0.0
0.0	0.01511779494942498	0.11819054172837906	0.01511779494942498	0.0	0.09432586287589603	0.11819054172837906	0.09432586287589603	0.0
0.0	0.022214867369466425	0.09095003023505813	0.022214867369466425	0.0	0.09557916034392212	0.09095003023505813	0.09557916034392212	0.0
0.0	0.03528880699616094	0.08170247917534215	0.03528880699616094	0.0	0.10064791330410622	0.08170247917534215	0.10064791330410622	0.0
0.0	0.0346946498477397	0.11190485209734313	0.0346946498477397	0.0	0.1143768739039101	0.11190485209734313	0.1143768739039101	0.0
0.0	0.020989344092854176	0.1067226625800411	0.020989344092854176	0.0	0.0888413615773577	0.1067226625800411	0.0888413615773577	0.0
0.0	0.038888679157000984	0.1273139608147646	0.038888679157000984	0.0	0.09976194916461041	0.1273139608147646	0.09976194916461041	0.0
0.0	0.03651404263490949	0.12676435363030092	0.03651404263490949	0.0	0.09729520601719806	0.12676435363030092	0.09729520601719806	0.0
0.0	0.03898570064801265	0.09660024463944378	0.03898570064801265	0.0	0.07179075001146577	0.09660024463944378	0.07179075001146577	0.0
0.0	0.016112357122600247	0.09915819622132602	0.016112357122600247	0.0	0.06887426267962166	0.09915819622132602	0.06887426267962166	0.0
0.0	0.018958298814920817	0.09572263365419663	0.018958298814920817	0.0	0.09538328946447798	0.09572263365419663	0.09538328946447798	0.0
0.0	0.04260703967795843	0.11735637846219095	0.04260703967795843	0.0	0.11236031840441908	0.11735637846219095	0.11236031840441908	0.0
0.0	0.028262407024524146	0.10619279967453418	0.028262407024524146	0.0	0.07097050021375739	0.10619279967453418	0.07097050021375739	0.0
