population in sample
0	0	1

generation in sample
0.0	1000.0	1000.0

expected_linearlized_fst_array
0.0	0.025	0.07495	0.025	0.0	0.04995	0.07495	0.04995	0.0	

mean_linearlized_fst_array
0.0	0.03453053013514808	0.681230597343691	0.03453053013514808	0.0	0.6514348786593445	0.681230597343691	0.6514348786593445	0.0

median_linearlized_fst_array
0.0	0.012752905248037204	0.5100280694855723	0.012752905248037204	0.0	0.4628688569955948	0.5100280694855723	0.4628688569955948	0.0

std_linearlized_fst_array
0.0	0.07805200096738292	0.7942419142247059	0.07805200096738292	0.0	0.8603504844079852	0.7942419142247059	0.8603504844079852	0.0

linearlized_fst_array
0.0	0.015053514957925437	5.778087409217148	0.015053514957925437	0.0	2.2240862596908157	5.778087409217148	2.2240862596908157	0.0
0.0	0.31539373921076225	0.037194530417346515	0.31539373921076225	0.0	0.4435561067633483	0.037194530417346515	0.4435561067633483	0.0
0.0	0.007639699048747296	0.08437762457656814	0.007639699048747296	0.0	0.13844789467768043	0.08437762457656814	0.13844789467768043	0.0
0.0	0.12914333817869175	1.4341764991504968	0.12914333817869175	0.0	0.6150081566068112	1.4341764991504968	0.6150081566068112	0.0
0.0	-0.036822031168236756	0.26386625775866535	-0.036822031168236756	0.0	0.18790748987578743	0.26386625775866535	0.18790748987578743	0.0
0.0	-0.01884578107327932	0.22320199939256263	-0.01884578107327932	0.0	0.3401199045575999	0.22320199939256263	0.3401199045575999	0.0
0.0	-0.022139604535710414	1.2367920055338955	-0.022139604535710414	0.0	1.6611503856040053	1.2367920055338955	1.6611503856040053	0.0
0.0	0.1974986017383705	0.32018479335185807	0.1974986017383705	0.0	0.08265664019758313	0.32018479335185807	0.08265664019758313	0.0
0.0	0.04750521342002701	0.413466675830056	0.04750521342002701	0.0	0.32868525896418366	0.413466675830056	0.32868525896418366	0.0
0.0	-0.026980574658695522	0.918838673235369	-0.026980574658695522	0.0	0.614496606730559	0.918838673235369	0.614496606730559	0.0
0.0	-0.0076136296268843814	0.4520570554485718	-0.0076136296268843814	0.0	0.3322399399468092	0.4520570554485718	0.3322399399468092	0.0
0.0	-0.019117265524134227	0.5024170705606761	-0.019117265524134227	0.0	0.47211348446118495	0.5024170705606761	0.47211348446118495	0.0
0.0	0.016584016286422112	1.137389037621447	0.016584016286422112	0.0	0.8731392282439151	1.137389037621447	0.8731392282439151	0.0
0.0	-0.04009096537249199	0.12944898326152257	-0.04009096537249199	0.0	0.06566349186425355	0.12944898326152257	0.06566349186425355	0.0
0.0	0.013591811058385498	0.09263293596520261	0.013591811058385498	0.0	0.017802020353748678	0.09263293596520261	0.017802020353748678	0.0
0.0	0.17845436422346958	0.953651814931901	0.17845436422346958	0.0	3.4091757123474387	0.953651814931901	3.4091757123474387	0.0
0.0	0.1981635662045537	0.7391408976055476	0.1981635662045537	0.0	0.7332400279916125	0.7391408976055476	0.7332400279916125	0.0
0.0	0.011613324157324858	0.73991676072983	0.011613324157324858	0.0	0.4143801692063161	0.73991676072983	0.4143801692063161	0.0
0.0	0.015108032858413506	0.42312576663815143	0.015108032858413506	0.0	0.31503173687247193	0.42312576663815143	0.31503173687247193	0.0
0.0	0.07000565636230684	0.2728989982302172	0.07000565636230684	0.0	0.7031567706108179	0.2728989982302172	0.7031567706108179	0.0
0.0	-0.02696159360428475	0.30060865870951475	-0.02696159360428475	0.0	0.2906362909231665	0.30060865870951475	0.2906362909231665	0.0
0.0	0.027741428630169932	0.29519126972155535	0.027741428630169932	0.0	0.3800093852651324	0.29519126972155535	0.3800093852651324	0.0
0.0	0.018983778442221884	2.136583190132925	0.018983778442221884	0.0	2.4078545382869687	2.136583190132925	2.4078545382869687	0.0
0.0	0.046611462162071196	0.14924784257700924	0.046611462162071196	0.0	0.09553130462822347	0.14924784257700924	0.09553130462822347	0.0
0.0	0.4839385993685313	0.5831762793521317	0.4839385993685313	0.0	0.4910194373820979	0.5831762793521317	0.4910194373820979	0.0
0.0	0.10450472516287256	0.7891745924294877	0.10450472516287256	0.0	0.23513750988489898	0.7891745924294877	0.23513750988489898	0.0
0.0	0.08076714370982813	0.1526281629100234	0.08076714370982813	0.0	0.3195817253828329	0.1526281629100234	0.3195817253828329	0.0
0.0	0.22232660075987934	1.063146100966032	0.22232660075987934	0.0	0.4268863833478281	1.063146100966032	0.4268863833478281	0.0
0.0	0.020250385889065924	0.44934770502867466	0.020250385889065924	0.0	0.893506990183946	0.44934770502867466	0.893506990183946	0.0
0.0	0.04412057164147792	0.893768448072366	0.04412057164147792	0.0	1.4312876506024224	0.893768448072366	1.4312876506024224	0.0
0.0	0.08366731487195281	0.7843225727599135	0.08366731487195281	0.0	1.1117462132037716	0.7843225727599135	1.1117462132037716	0.0
0.0	0.05092300715494023	0.24675944604826683	0.05092300715494023	0.0	0.6835070674895442	0.24675944604826683	0.6835070674895442	0.0
0.0	-0.03360241607834141	1.751031270606253	-0.03360241607834141	0.0	0.9652339090868659	1.751031270606253	0.9652339090868659	0.0
0.0	-0.023154718016013605	0.5689395804540773	-0.023154718016013605	0.0	0.5584527220630693	0.5689395804540773	0.5584527220630693	0.0
0.0	0.017470462510224508	0.5789048143445026	0.017470462510224508	0.0	0.6791410886675979	0.5789048143445026	0.6791410886675979	0.0
0.0	-0.01993367589698776	0.6564605671535324	-0.01993367589698776	0.0	0.49637023593461166	0.6564605671535324	0.49637023593461166	0.0
0.0	0.06366009529783018	1.902801042665143	0.06366009529783018	0.0	4.841086638778222	1.902801042665143	4.841086638778222	0.0
0.0	0.47456188415665873	0.5587008050156168	0.47456188415665873	0.0	0.8279128051167042	0.5587008050156168	0.8279128051167042	0.0
0.0	-0.02841113544623675	0.45637825094612133	-0.02841113544623675	0.0	0.4402634054562869	0.45637825094612133	0.4402634054562869	0.0
0.0	0.01696332587581038	0.2600847093259014	0.01696332587581038	0.0	0.05084491482660182	0.2600847093259014	0.05084491482660182	0.0
0.0	-0.02029393003321204	0.48063343960145793	-0.02029393003321204	0.0	0.4418880401322281	0.48063343960145793	0.4418880401322281	0.0
0.0	0.13505082665465376	0.044427090997830467	0.13505082665465376	0.0	-0.002025984326688849	0.044427090997830467	-0.002025984326688849	0.0
0.0	-0.023494652216050276	5.594375174777087	-0.023494652216050276	0.0	6.97834270349558	5.594375174777087	6.97834270349558	0.0
0.0	0.05113725909678534	0.26934637002187195	0.05113725909678534	0.0	0.022356973372023844	0.26934637002187195	0.022356973372023844	0.0
0.0	-0.025741339682880015	0.4093696060341963	-0.025741339682880015	0.0	0.2219035604870546	0.4093696060341963	0.2219035604870546	0.0
0.0	-0.014226959771229907	0.17731989632987163	-0.014226959771229907	0.0	0.07946237257317709	0.17731989632987163	0.07946237257317709	0.0
0.0	-0.01422228858520808	1.6674098078155197	-0.01422228858520808	0.0	2.5988073776171885	1.6674098078155197	2.5988073776171885	0.0
0.0	0.0609743167316936	0.3256358993017563	0.0609743167316936	0.0	0.43446929508125465	0.3256358993017563	0.43446929508125465	0.0
0.0	-0.020356248916296667	1.1725294173389176	-0.020356248916296667	0.0	1.4052383527775274	1.1725294173389176	1.4052383527775274	0.0
0.0	-0.0022989043072626347	0.4542248306227002	-0.0022989043072626347	0.0	0.46703587428123755	0.4542248306227002	0.46703587428123755	0.0
0.0	0.00870159873250076	0.5912966369401426	0.00870159873250076	0.0	0.7431316108895885	0.5912966369401426	0.7431316108895885	0.0
0.0	-0.011699668752950521	1.4410931575292796	-0.011699668752950521	0.0	0.7706848809303714	1.4410931575292796	0.7706848809303714	0.0
0.0	-0.028112650503486974	0.12949797738586058	-0.028112650503486974	0.0	0.1771573188533524	0.12949797738586058	0.1771573188533524	0.0
0.0	0.03188511563442597	1.0775767638649023	0.03188511563442597	0.0	0.7459679201094565	1.0775767638649023	0.7459679201094565	0.0
0.0	-0.02717287288774563	1.1641480359995067	-0.02717287288774563	0.0	0.7518463342735966	1.1641480359995067	0.7518463342735966	0.0
0.0	-0.005577196200411424	0.47817914932286876	-0.005577196200411424	0.0	0.2751303925929342	0.47817914932286876	0.2751303925929342	0.0
0.0	0.013922829151016012	0.6277656907978648	0.013922829151016012	0.0	0.22188077854240149	0.6277656907978648	0.22188077854240149	0.0
0.0	-0.035523927059258234	0.02136604088244259	-0.035523927059258234	0.0	0.00933844662052329	0.02136604088244259	0.00933844662052329	0.0
0.0	-0.03209182206596293	0.08359229264877303	-0.03209182206596293	0.0	-0.0019296254256862243	0.08359229264877303	-0.0019296254256862243	0.0
0.0	0.06776350600516458	0.5922342844212216	0.06776350600516458	0.0	0.8368075296815638	0.5922342844212216	0.8368075296815638	0.0
0.0	-0.004853171859691594	0.28613900102182227	-0.004853171859691594	0.0	0.15280186085851147	0.28613900102182227	0.15280186085851147	0.0
0.0	0.015149891420332951	0.1602143385471643	0.015149891420332951	0.0	0.16380031607325662	0.1602143385471643	0.16380031607325662	0.0
0.0	-0.028622060690244065	0.16242389295212173	-0.028622060690244065	0.0	0.11304632120195039	0.16242389295212173	0.11304632120195039	0.0
0.0	-0.016732721010981822	0.20363601119097088	-0.016732721010981822	0.0	0.2518739352640496	0.20363601119097088	0.2518739352640496	0.0
0.0	-0.031974839886406065	0.49347011963251897	-0.031974839886406065	0.0	0.39172729502168235	0.49347011963251897	0.39172729502168235	0.0
0.0	0.0027938885114819683	0.4529744302448054	0.0027938885114819683	0.0	0.3051755746720762	0.4529744302448054	0.3051755746720762	0.0
0.0	0.006319980008718889	0.677492358030599	0.006319980008718889	0.0	0.7189155592387656	0.677492358030599	0.7189155592387656	0.0
0.0	-0.027434641987154194	0.5731551635928491	-0.027434641987154194	0.0	0.32388416268490433	0.5731551635928491	0.32388416268490433	0.0
0.0	0.036385657543045846	0.6184122524006516	0.036385657543045846	0.0	0.31073243044858095	0.6184122524006516	0.31073243044858095	0.0
0.0	-0.01613446307780898	0.1081865021308822	-0.01613446307780898	0.0	0.07868423205961968	0.1081865021308822	0.07868423205961968	0.0
0.0	0.012148202096470682	1.0100577040440242	0.012148202096470682	0.0	0.2857142857142758	1.0100577040440242	0.2857142857142758	0.0
0.0	-0.00021278810469546407	0.22522950097418984	-0.00021278810469546407	0.0	0.2930488489612664	0.22522950097418984	0.2930488489612664	0.0
0.0	0.14420544068072672	0.3676969520908398	0.14420544068072672	0.0	1.2477050283209714	0.3676969520908398	1.2477050283209714	0.0
0.0	0.05278098106550236	0.058753154775562026	0.05278098106550236	0.0	0.16604913411196434	0.058753154775562026	0.16604913411196434	0.0
0.0	0.11169184020285879	0.44862511326391635	0.11169184020285879	0.0	0.9318926318876682	0.44862511326391635	0.9318926318876682	0.0
0.0	0.0036206964838110846	3.1193305901498136	0.0036206964838110846	0.0	3.0691011565784705	3.1193305901498136	3.0691011565784705	0.0
0.0	-0.008291035505514199	0.47768923579142064	-0.008291035505514199	0.0	0.5260184815644712	0.47768923579142064	0.5260184815644712	0.0
0.0	0.04526336453888954	1.224543196110337	0.04526336453888954	0.0	0.6709529681169347	1.224543196110337	0.6709529681169347	0.0
0.0	0.0012308487661376827	0.420266424681966	0.0012308487661376827	0.0	0.5454273851629382	0.420266424681966	0.5454273851629382	0.0
0.0	0.03539571836491947	1.0639829483305059	0.03539571836491947	0.0	1.3373002934463574	1.0639829483305059	1.3373002934463574	0.0
0.0	0.015096736068666891	0.6940770161905073	0.015096736068666891	0.0	0.855619627896858	0.6940770161905073	0.855619627896858	0.0
0.0	-0.005365513452647841	3.7407273434622432	-0.005365513452647841	0.0	2.5165606016777433	3.7407273434622432	2.5165606016777433	0.0
0.0	0.07487647379165857	1.8103832911947002	0.07487647379165857	0.0	4.477891477551693	1.8103832911947002	4.477891477551693	0.0
0.0	-0.041157869142632794	0.24978236883446234	-0.041157869142632794	0.0	0.16781953334708877	0.24978236883446234	0.16781953334708877	0.0
0.0	-0.002794796073241996	2.068175386551562	-0.002794796073241996	0.0	2.214810727292608	2.068175386551562	2.214810727292608	0.0
0.0	0.14273846875487153	2.0312526616628586	0.14273846875487153	0.0	0.6194726104096651	2.0312526616628586	0.6194726104096651	0.0
0.0	0.22543084147883594	0.6481340278999275	0.22543084147883594	0.0	0.049423700995927786	0.6481340278999275	0.049423700995927786	0.0
0.0	0.0205130530864018	0.8180080544284853	0.0205130530864018	0.0	1.392279154235175	0.8180080544284853	1.392279154235175	0.0
0.0	-0.019498968679121046	0.4419869032969119	-0.019498968679121046	0.0	0.18617845848574696	0.4419869032969119	0.18617845848574696	0.0
0.0	0.0244891821725046	0.5778018664567333	0.0244891821725046	0.0	0.5952338418664282	0.5778018664567333	0.5952338418664282	0.0
0.0	-0.02729359679064618	0.47275983660751364	-0.02729359679064618	0.0	0.3454865965594983	0.47275983660751364	0.3454865965594983	0.0
0.0	-0.026950219680076503	0.554767474966246	-0.026950219680076503	0.0	0.5569383945239217	0.554767474966246	0.5569383945239217	0.0
0.0	0.19294746863455475	1.6335899598496173	0.19294746863455475	0.0	0.35995596434524885	1.6335899598496173	0.35995596434524885	0.0
0.0	-0.03210420949386716	0.019037548581289348	-0.03210420949386716	0.0	-0.0075146880724432236	0.019037548581289348	-0.0075146880724432236	0.0
0.0	0.03971216217829817	0.3341947002030614	0.03971216217829817	0.0	0.5837406348830259	0.3341947002030614	0.5837406348830259	0.0
0.0	-0.04608886539259651	0.25927511931845876	-0.04608886539259651	0.0	0.16408299546860555	0.25927511931845876	0.16408299546860555	0.0
0.0	0.044097662860333224	0.4480000406194761	0.044097662860333224	0.0	0.4845982738677856	0.4480000406194761	0.4845982738677856	0.0
0.0	0.024204496883212034	0.3289277553905469	0.024204496883212034	0.0	0.38893942150249944	0.3289277553905469	0.38893942150249944	0.0
0.0	-0.022535937840415753	0.6435771128570759	-0.022535937840415753	0.0	0.47988630043874025	0.6435771128570759	0.47988630043874025	0.0
0.0	0.08242349923573503	1.6477226112635845	0.08242349923573503	0.0	0.48289085545720034	1.6477226112635845	0.48289085545720034	0.0
0.0	0.10404508612882929	1.6078958552700393	0.10404508612882929	0.0	0.7466660093178925	1.6078958552700393	0.7466660093178925	0.0
0.0	0.06089635079694832	0.13181141115316372	0.06089635079694832	0.0	0.08059664254909493	0.13181141115316372	0.08059664254909493	0.0
0.0	0.07797310142443745	0.05204678698920478	0.07797310142443745	0.0	-0.005455396862617762	0.05204678698920478	-0.005455396862617762	0.0
0.0	0.004096934280208063	0.5812942168144308	0.004096934280208063	0.0	0.3508486753479799	0.5812942168144308	0.3508486753479799	0.0
0.0	0.010413289017184914	0.06233710233747081	0.010413289017184914	0.0	0.13721901730653965	0.06233710233747081	0.13721901730653965	0.0
0.0	0.029784103441028054	1.0715168039461378	0.029784103441028054	0.0	0.5865316694136773	1.0715168039461378	0.5865316694136773	0.0
0.0	0.13966353302429554	0.6949290544175786	0.13966353302429554	0.0	0.4231149811992819	0.6949290544175786	0.4231149811992819	0.0
0.0	-0.027483500611411374	0.9926849854361485	-0.027483500611411374	0.0	1.1133965894764701	0.9926849854361485	1.1133965894764701	0.0
0.0	-0.017995287355362426	0.23006952244195544	-0.017995287355362426	0.0	0.08523161759108074	0.23006952244195544	0.08523161759108074	0.0
0.0	0.0481245907839304	0.4702987212452231	0.0481245907839304	0.0	0.3095883046256162	0.4702987212452231	0.3095883046256162	0.0
0.0	0.00965919505882015	1.4736926085193722	0.00965919505882015	0.0	1.0248129330252849	1.4736926085193722	1.0248129330252849	0.0
0.0	0.10722544214024311	0.926505868564417	0.10722544214024311	0.0	0.48285137861465055	0.926505868564417	0.48285137861465055	0.0
0.0	-0.02337918776531008	0.14584605974027406	-0.02337918776531008	0.0	0.09271671971541663	0.14584605974027406	0.09271671971541663	0.0
0.0	0.00727422925793814	0.22403773565305526	0.00727422925793814	0.0	0.05430425634892623	0.22403773565305526	0.05430425634892623	0.0
0.0	-0.0035230858220293582	0.5119350858001278	-0.0035230858220293582	0.0	0.666583197696284	0.5119350858001278	0.666583197696284	0.0
0.0	0.04660773639001927	0.2593874579303335	0.04660773639001927	0.0	0.220828088771119	0.2593874579303335	0.220828088771119	0.0
0.0	0.04470183519831015	0.1418155462734189	0.04470183519831015	0.0	0.01904189060712705	0.1418155462734189	0.01904189060712705	0.0
0.0	0.008271098961935328	0.444628224585884	0.008271098961935328	0.0	0.15429408533237587	0.444628224585884	0.15429408533237587	0.0
0.0	0.005763651583053276	3.200776405029225	0.005763651583053276	0.0	5.377663532435643	3.200776405029225	5.377663532435643	0.0
0.0	0.11228481099343554	1.2170053552744238	0.11228481099343554	0.0	0.4284219338635631	1.2170053552744238	0.4284219338635631	0.0
0.0	-0.016243083167151878	0.07885673058489197	-0.016243083167151878	0.0	0.008225657591153505	0.07885673058489197	0.008225657591153505	0.0
0.0	0.05075689017384652	0.4196208347439174	0.05075689017384652	0.0	0.3740117510692048	0.4196208347439174	0.3740117510692048	0.0
0.0	-0.014161295692474603	1.114317784911901	-0.014161295692474603	0.0	1.1242944876799095	1.114317784911901	1.1242944876799095	0.0
0.0	0.20088918913790874	0.4473501677464983	0.20088918913790874	0.0	1.2273256099758314	0.4473501677464983	1.2273256099758314	0.0
0.0	0.4148011445572419	0.49489082205967655	0.4148011445572419	0.0	2.285204361117357	0.49489082205967655	2.285204361117357	0.0
0.0	-0.019056665418805525	0.28319174853241535	-0.019056665418805525	0.0	0.2995814921821551	0.28319174853241535	0.2995814921821551	0.0
0.0	0.10431599789965991	0.338870602184277	0.10431599789965991	0.0	0.12195771599801157	0.338870602184277	0.12195771599801157	0.0
0.0	-0.028182170034901255	0.2879485943742496	-0.028182170034901255	0.0	0.25367061243703076	0.2879485943742496	0.25367061243703076	0.0
0.0	0.36016260268349404	1.3965200147700008	0.36016260268349404	0.0	0.11979557418099962	1.3965200147700008	0.11979557418099962	0.0
0.0	-0.01621349784150267	0.41117475213010257	-0.01621349784150267	0.0	0.592782180338422	0.41117475213010257	0.592782180338422	0.0
0.0	0.1462724369562685	0.4839240075946362	0.1462724369562685	0.0	0.058666969972705735	0.4839240075946362	0.058666969972705735	0.0
0.0	-0.04582714702441356	0.8612671368636917	-0.04582714702441356	0.0	0.7746948118005881	0.8612671368636917	0.7746948118005881	0.0
0.0	0.03718488016708203	0.21506398085428857	0.03718488016708203	0.0	0.4094153523609924	0.21506398085428857	0.4094153523609924	0.0
0.0	0.010064554871648378	0.06520647683044307	0.010064554871648378	0.0	-0.04944379039425456	0.06520647683044307	-0.04944379039425456	0.0
0.0	0.03401992188426986	0.22065818554059777	0.03401992188426986	0.0	0.1882785816819739	0.22065818554059777	0.1882785816819739	0.0
0.0	0.12366293823024929	0.09717317759652039	0.12366293823024929	0.0	0.34002710145559484	0.09717317759652039	0.34002710145559484	0.0
0.0	-0.013095697274452821	0.8278133104683385	-0.013095697274452821	0.0	0.859828237022799	0.8278133104683385	0.859828237022799	0.0
0.0	0.045037165586491394	0.8593644809890889	0.045037165586491394	0.0	0.9890399892285119	0.8593644809890889	0.9890399892285119	0.0
0.0	0.03630064275915591	0.08937379740786833	0.03630064275915591	0.0	0.14085698177036068	0.08937379740786833	0.14085698177036068	0.0
0.0	0.004827037598308579	0.9459226431225743	0.004827037598308579	0.0	1.3497709808076839	0.9459226431225743	1.3497709808076839	0.0
0.0	0.12120930101554739	1.4710101250846614	0.12120930101554739	0.0	4.570298403886224	1.4710101250846614	4.570298403886224	0.0
0.0	-0.03389042414241106	0.2435994034645759	-0.03389042414241106	0.0	0.13547019867552024	0.2435994034645759	0.13547019867552024	0.0
0.0	0.019245250070587045	0.5542377582809486	0.019245250070587045	0.0	0.7617488764356775	0.5542377582809486	0.7617488764356775	0.0
0.0	0.05465671415737698	0.3936105874743341	0.05465671415737698	0.0	0.23393769605609	0.3936105874743341	0.23393769605609	0.0
0.0	-0.009434394643456287	0.5661771318246405	-0.009434394643456287	0.0	0.5197674906618536	0.5661771318246405	0.5197674906618536	0.0
0.0	-0.01263705103972658	0.39702262721403925	-0.01263705103972658	0.0	0.12487152296274906	0.39702262721403925	0.12487152296274906	0.0
0.0	-0.008715487961442208	0.9601242551531779	-0.008715487961442208	0.0	1.0031873450595816	0.9601242551531779	1.0031873450595816	0.0
0.0	-0.04332148538170328	0.7609891390729151	-0.04332148538170328	0.0	0.7560142348754537	0.7609891390729151	0.7560142348754537	0.0
0.0	-0.028888686771596714	0.9310261661109501	-0.028888686771596714	0.0	0.4757207706331651	0.9310261661109501	0.4757207706331651	0.0
0.0	0.04188461112286449	1.6019256905033532	0.04188461112286449	0.0	0.831154988198855	1.6019256905033532	0.831154988198855	0.0
0.0	0.0454393805696051	0.12659418778679435	0.0454393805696051	0.0	0.0925344479331491	0.12659418778679435	0.0925344479331491	0.0
0.0	-0.036260278496272114	0.5183610968240394	-0.036260278496272114	0.0	0.5798930602527562	0.5183610968240394	0.5798930602527562	0.0
0.0	-0.03273527903836971	0.48889754043302786	-0.03273527903836971	0.0	0.44628555647612417	0.48889754043302786	0.44628555647612417	0.0
0.0	0.1241874709278845	0.48926577809757693	0.1241874709278845	0.0	0.6552929956554291	0.48926577809757693	0.6552929956554291	0.0
0.0	0.05573858094820443	0.14590409390345668	0.05573858094820443	0.0	0.03181703895162497	0.14590409390345668	0.03181703895162497	0.0
0.0	-0.028640240874694814	1.0766715283810198	-0.028640240874694814	0.0	0.8955341474769697	1.0766715283810198	0.8955341474769697	0.0
0.0	-0.0072415089962105245	0.7603543581494482	-0.0072415089962105245	0.0	0.39415887850463144	0.7603543581494482	0.39415887850463144	0.0
0.0	0.23436275740971574	1.491122210140192	0.23436275740971574	0.0	0.32993776197124974	1.491122210140192	0.32993776197124974	0.0
0.0	0.06875673183019365	0.7229110495374635	0.06875673183019365	0.0	0.9387849494692264	0.7229110495374635	0.9387849494692264	0.0
0.0	0.09899987500377085	0.6190531815050377	0.09899987500377085	0.0	0.24994875699100655	0.6190531815050377	0.24994875699100655	0.0
0.0	0.15060986895443426	0.780153966453332	0.15060986895443426	0.0	0.27494766224703937	0.780153966453332	0.27494766224703937	0.0
0.0	-0.0010002175034629834	0.15533734994521217	-0.0010002175034629834	0.0	0.12369083189182009	0.15533734994521217	0.12369083189182009	0.0
0.0	-0.001546274539541115	0.23733795174391717	-0.001546274539541115	0.0	0.1275897718657645	0.23733795174391717	0.1275897718657645	0.0
0.0	0.2913038023343662	0.31894166118349127	0.2913038023343662	0.0	0.31239729031632874	0.31894166118349127	0.31239729031632874	0.0
0.0	0.11862060796089084	0.7850437545170793	0.11862060796089084	0.0	0.3246278755074709	0.7850437545170793	0.3246278755074709	0.0
0.0	-0.0055456872681495075	0.41882387951129635	-0.0055456872681495075	0.0	0.5702212389380336	0.41882387951129635	0.5702212389380336	0.0
0.0	0.02477252921970521	0.04575665102503364	0.02477252921970521	0.0	0.04057567025810182	0.04575665102503364	0.04057567025810182	0.0
0.0	-0.012773070162617953	0.39903180937925736	-0.012773070162617953	0.0	0.4631816063383781	0.39903180937925736	0.4631816063383781	0.0
0.0	-0.02870305493190343	0.39323583201358286	-0.02870305493190343	0.0	0.22507674437898376	0.39323583201358286	0.22507674437898376	0.0
0.0	-0.01824226665677519	0.38509220255647886	-0.01824226665677519	0.0	0.18364976142050132	0.38509220255647886	0.18364976142050132	0.0
0.0	0.04221360669892326	0.8908218443293574	0.04221360669892326	0.0	0.6401626507678906	0.8908218443293574	0.6401626507678906	0.0
0.0	0.11904195418567501	0.15691057154343283	0.11904195418567501	0.0	0.5085599866511458	0.15691057154343283	0.5085599866511458	0.0
0.0	0.02733274176618215	1.0307973694024806	0.02733274176618215	0.0	0.719836532427918	1.0307973694024806	0.719836532427918	0.0
0.0	0.0009526293577669129	0.35581804312546433	0.0009526293577669129	0.0	0.6108934543717373	0.35581804312546433	0.6108934543717373	0.0
0.0	0.03024876852672028	0.5301952879754256	0.03024876852672028	0.0	0.8598323453877932	0.5301952879754256	0.8598323453877932	0.0
0.0	0.10033825559852065	0.205291039500026	0.10033825559852065	0.0	0.41055999006120697	0.205291039500026	0.41055999006120697	0.0
0.0	0.3178067098370272	0.7140496580006137	0.3178067098370272	0.0	2.8816913274709366	0.7140496580006137	2.8816913274709366	0.0
0.0	-0.009436267440414588	0.12661041980725482	-0.009436267440414588	0.0	0.19282014238053044	0.12661041980725482	0.19282014238053044	0.0
0.0	0.03223655911200113	0.14855253773027147	0.03223655911200113	0.0	0.09378833693308002	0.14855253773027147	0.09378833693308002	0.0
0.0	-0.029952622857950546	0.6404622363165369	-0.029952622857950546	0.0	0.7073104936606737	0.6404622363165369	0.7073104936606737	0.0
0.0	-0.027491279638230393	0.6020034169002579	-0.027491279638230393	0.0	0.3834707061706618	0.6020034169002579	0.3834707061706618	0.0
0.0	0.06652513258834619	1.3046650833395645	0.06652513258834619	0.0	2.0309522634150605	1.3046650833395645	2.0309522634150605	0.0
0.0	0.22646179784398304	1.1626760880133948	0.22646179784398304	0.0	3.4051388115504695	1.1626760880133948	3.4051388115504695	0.0
0.0	0.028547143493690034	1.434086629001914	0.028547143493690034	0.0	1.7934655775963413	1.434086629001914	1.7934655775963413	0.0
0.0	0.025834214449966014	0.6086276075249485	0.025834214449966014	0.0	0.8679456484562199	0.6086276075249485	0.8679456484562199	0.0
0.0	0.07503419590243117	1.3812527230855136	0.07503419590243117	0.0	1.429299177643589	1.3812527230855136	1.429299177643589	0.0
0.0	0.2251238792424132	1.0837979715256483	0.2251238792424132	0.0	0.40930693887675484	1.0837979715256483	0.40930693887675484	0.0
0.0	0.09500051580847821	0.37824492155684813	0.09500051580847821	0.0	0.3919838699822847	0.37824492155684813	0.3919838699822847	0.0
0.0	0.09230928150072648	0.5763187605602946	0.09230928150072648	0.0	1.3499280146949408	0.5763187605602946	1.3499280146949408	0.0
0.0	0.02914044306942415	0.4384253145537003	0.02914044306942415	0.0	0.15739195488288982	0.4384253145537003	0.15739195488288982	0.0
0.0	0.004810991290883254	1.5506214871744772	0.004810991290883254	0.0	1.0599511267988946	1.5506214871744772	1.0599511267988946	0.0
0.0	-0.002629832079962242	0.7782385905869383	-0.002629832079962242	0.0	0.5422561200639855	0.7782385905869383	0.5422561200639855	0.0
0.0	-0.013055301068347151	0.4826832937206433	-0.013055301068347151	0.0	0.4259192889398543	0.4826832937206433	0.4259192889398543	0.0
0.0	0.012760752390592017	0.14352440164741384	0.012760752390592017	0.0	0.07380631973426303	0.14352440164741384	0.07380631973426303	0.0
0.0	0.014206134645684479	0.0682514350058253	0.014206134645684479	0.0	0.0064742491959565865	0.0682514350058253	0.0064742491959565865	0.0
0.0	0.018161193380955686	0.3624843380275391	0.018161193380955686	0.0	0.5906034907406593	0.3624843380275391	0.5906034907406593	0.0
0.0	-0.004237113033706908	0.5304329558914115	-0.004237113033706908	0.0	0.7708319829622038	0.5304329558914115	0.7708319829622038	0.0
0.0	-0.009946486537697533	1.0144341608937348	-0.009946486537697533	0.0	0.7907485624140957	1.0144341608937348	0.7907485624140957	0.0
0.0	-0.037188345894392	0.6963722640326419	-0.037188345894392	0.0	0.6116633559853384	0.6963722640326419	0.6116633559853384	0.0
0.0	0.014451018477810329	0.5320154282137596	0.014451018477810329	0.0	0.35197084684565816	0.5320154282137596	0.35197084684565816	0.0
0.0	0.012322129377411603	0.47905835301330735	0.012322129377411603	0.0	0.7862108100439475	0.47905835301330735	0.7862108100439475	0.0
0.0	-0.041023292455889565	0.29081139444994397	-0.041023292455889565	0.0	0.20533837106541716	0.29081139444994397	0.20533837106541716	0.0
0.0	-0.00567325522585552	0.18252220106790257	-0.00567325522585552	0.0	0.1555170393516014	0.18252220106790257	0.1555170393516014	0.0
0.0	-0.019339737203410368	0.2444267981517821	-0.019339737203410368	0.0	0.29319494517286115	0.2444267981517821	0.29319494517286115	0.0
0.0	0.0027013699680979936	0.21879740864267655	0.0027013699680979936	0.0	0.2270386709864158	0.21879740864267655	0.2270386709864158	0.0
0.0	-0.0243839401430384	1.0072574389373754	-0.0243839401430384	0.0	0.8758577012160363	1.0072574389373754	0.8758577012160363	0.0
0.0	-0.014844344177391286	1.1107242336024548	-0.014844344177391286	0.0	0.695439282898732	1.1107242336024548	0.695439282898732	0.0
0.0	0.021575005699684145	4.918204974760413	0.021575005699684145	0.0	3.289751688085325	4.918204974760413	3.289751688085325	0.0
0.0	0.22312720885560025	1.1647680141812062	0.22312720885560025	0.0	1.1860259423052368	1.1647680141812062	1.1860259423052368	0.0
0.0	-0.027744653408137976	0.6463837205308723	-0.027744653408137976	0.0	0.4729676989829446	0.6463837205308723	0.4729676989829446	0.0
0.0	0.1293532248602445	0.4803447394669026	0.1293532248602445	0.0	0.11941756554235723	0.4803447394669026	0.11941756554235723	0.0
0.0	0.03854571372290472	1.1769193604049188	0.03854571372290472	0.0	1.746113289171355	1.1769193604049188	1.746113289171355	0.0
0.0	-0.024807619953804583	0.6378513014238196	-0.024807619953804583	0.0	0.421541053982996	0.6378513014238196	0.421541053982996	0.0
0.0	-0.024363547371313007	0.1869019532564982	-0.024363547371313007	0.0	0.14778771687577444	0.1869019532564982	0.14778771687577444	0.0
0.0	0.08840765951893254	0.17824946414507675	0.08840765951893254	0.0	0.33923147389229363	0.17824946414507675	0.33923147389229363	0.0
0.0	-1.4213866127620411e-05	0.8289133262926375	-1.4213866127620411e-05	0.0	1.1075926300870813	0.8289133262926375	1.1075926300870813	0.0
0.0	0.01274505810548239	0.43234355981061096	0.01274505810548239	0.0	0.6031100901219303	0.43234355981061096	0.6031100901219303	0.0
0.0	0.04312714749761636	1.6670810693732427	0.04312714749761636	0.0	2.669760965421275	1.6670810693732427	2.669760965421275	0.0
0.0	0.06079521448701272	0.4249901878723172	0.06079521448701272	0.0	0.2879909028144575	0.4249901878723172	0.2879909028144575	0.0
0.0	0.16736110307771554	0.43503912690769453	0.16736110307771554	0.0	0.22191769907981657	0.43503912690769453	0.22191769907981657	0.0
0.0	-0.021081584146758342	0.023756946851915327	-0.021081584146758342	0.0	-0.007139502113672791	0.023756946851915327	-0.007139502113672791	0.0
0.0	0.2264760726771704	0.30307552028140544	0.2264760726771704	0.0	0.6391607126707304	0.30307552028140544	0.6391607126707304	0.0
0.0	0.009912386298536932	0.3197764665723581	0.009912386298536932	0.0	0.23063059233596991	0.3197764665723581	0.23063059233596991	0.0
0.0	-0.00879699500288731	1.1460878395138276	-0.00879699500288731	0.0	0.7210428689199857	1.1460878395138276	0.7210428689199857	0.0
0.0	0.03366284945154834	0.42099802621589866	0.03366284945154834	0.0	0.5241657677720603	0.42099802621589866	0.5241657677720603	0.0
0.0	-0.01199005813076495	1.0798416869023124	-0.01199005813076495	0.0	0.8956017288001998	1.0798416869023124	0.8956017288001998	0.0
0.0	0.16563988831345697	1.4717578321949656	0.16563988831345697	0.0	0.5721362881761152	1.4717578321949656	0.5721362881761152	0.0
0.0	0.014593203425824455	1.033684571534078	0.014593203425824455	0.0	0.7396193228217957	1.033684571534078	0.7396193228217957	0.0
0.0	0.03672747638529094	0.5064212424081028	0.03672747638529094	0.0	0.6605716413741569	0.5064212424081028	0.6605716413741569	0.0
0.0	0.1758675556841134	0.6068685572626175	0.1758675556841134	0.0	0.22424099232132388	0.6068685572626175	0.22424099232132388	0.0
0.0	0.16502169021261284	0.7007974016706175	0.16502169021261284	0.0	1.4315911955784897	0.7007974016706175	1.4315911955784897	0.0
0.0	0.15724619720282024	0.8790118134132242	0.15724619720282024	0.0	1.0420138115393236	0.8790118134132242	1.0420138115393236	0.0
0.0	-0.013881239370204261	0.245870504477776	-0.013881239370204261	0.0	0.3264053586308282	0.245870504477776	0.3264053586308282	0.0
0.0	0.0004080351627146705	0.20982842424278317	0.0004080351627146705	0.0	0.23911939034715127	0.20982842424278317	0.23911939034715127	0.0
0.0	0.10579570049476655	0.3441457195691081	0.10579570049476655	0.0	0.748598359225027	0.3441457195691081	0.748598359225027	0.0
0.0	0.018027916266998064	0.6932883655422081	0.018027916266998064	0.0	1.1254492111260126	0.6932883655422081	1.1254492111260126	0.0
0.0	0.041225750345515	0.16424118874849025	0.041225750345515	0.0	0.13308651214083347	0.16424118874849025	0.13308651214083347	0.0
0.0	-0.03347014986852163	0.26383776913060164	-0.03347014986852163	0.0	0.18556994000629495	0.26383776913060164	0.18556994000629495	0.0
0.0	-0.012750023473521697	0.8813605677845004	-0.012750023473521697	0.0	0.8778566817301839	0.8813605677845004	0.8778566817301839	0.0
0.0	0.10220265726507845	0.24059833080964182	0.10220265726507845	0.0	0.24066950324139696	0.24059833080964182	0.24066950324139696	0.0
0.0	-0.005225797463656167	1.264681942742443	-0.005225797463656167	0.0	1.3763728904366372	1.264681942742443	1.3763728904366372	0.0
0.0	0.038275898747616804	0.2422011390417327	0.038275898747616804	0.0	0.470659104023856	0.2422011390417327	0.470659104023856	0.0
0.0	0.15541301719927336	0.7472885834877872	0.15541301719927336	0.0	2.2189781021897583	0.7472885834877872	2.2189781021897583	0.0
0.0	-0.002662330616905043	0.31376405452419287	-0.002662330616905043	0.0	0.21901724478563622	0.31376405452419287	0.21901724478563622	0.0
0.0	-0.023886051806343244	0.417629562182519	-0.023886051806343244	0.0	0.28115685779238586	0.417629562182519	0.28115685779238586	0.0
0.0	-0.009436563132999606	1.1136212913773031	-0.009436563132999606	0.0	0.9522857856607682	1.1136212913773031	0.9522857856607682	0.0
0.0	0.10850427463937591	0.2806166063262026	0.10850427463937591	0.0	0.36400636136445097	0.2806166063262026	0.36400636136445097	0.0
0.0	-0.040124026417221195	0.34562554404348383	-0.040124026417221195	0.0	0.2732214598071697	0.34562554404348383	0.2732214598071697	0.0
0.0	-0.028939443910412976	0.012209822581419526	-0.028939443910412976	0.0	-0.04321620323892751	0.012209822581419526	-0.04321620323892751	0.0
0.0	-0.005361519268101011	0.09664090741454011	-0.005361519268101011	0.0	0.01069121890890764	0.09664090741454011	0.01069121890890764	0.0
0.0	0.022982248770798252	1.0603462511241317	0.022982248770798252	0.0	0.6499177781837637	1.0603462511241317	0.6499177781837637	0.0
0.0	-0.01722690619130527	0.3699462703759628	-0.01722690619130527	0.0	0.3434767602392464	0.3699462703759628	0.3434767602392464	0.0
0.0	0.03116262284449405	0.08586875538091296	0.03116262284449405	0.0	0.1963515464368715	0.08586875538091296	0.1963515464368715	0.0
0.0	-0.0353393488909927	0.36750056864615976	-0.0353393488909927	0.0	0.21386259670719587	0.36750056864615976	0.21386259670719587	0.0
0.0	-0.008016252694590427	0.1939879746389601	-0.008016252694590427	0.0	0.14123087869087397	0.1939879746389601	0.14123087869087397	0.0
0.0	0.04478419139377261	4.952335075439091	0.04478419139377261	0.0	1.723565894395404	4.952335075439091	1.723565894395404	0.0
0.0	0.21862162613486574	0.524776239702322	0.21862162613486574	0.0	0.1671569713349249	0.524776239702322	0.1671569713349249	0.0
0.0	0.02350460054724913	0.6544987489748648	0.02350460054724913	0.0	0.618189161404036	0.6544987489748648	0.618189161404036	0.0
0.0	-0.019723477882117906	0.20674402480613543	-0.019723477882117906	0.0	0.10694209278689493	0.20674402480613543	0.10694209278689493	0.0
0.0	-0.001760957355028578	0.14017254116100533	-0.001760957355028578	0.0	0.0545462188406483	0.14017254116100533	0.0545462188406483	0.0
0.0	0.056978150371290774	0.18864296701417127	0.056978150371290774	0.0	0.38663068483456486	0.18864296701417127	0.38663068483456486	0.0
0.0	0.25206336419090136	0.30961374667077207	0.25206336419090136	0.0	0.1420398055246891	0.30961374667077207	0.1420398055246891	0.0
0.0	0.1755603759941819	0.7317578214988404	0.1755603759941819	0.0	0.7931173566518643	0.7317578214988404	0.7931173566518643	0.0
0.0	-0.017970863498907145	0.2653294683098396	-0.017970863498907145	0.0	0.30935897435898513	0.2653294683098396	0.30935897435898513	0.0
0.0	-0.04208688441201337	0.8053751477204181	-0.04208688441201337	0.0	0.6441851986875001	0.8053751477204181	0.6441851986875001	0.0
0.0	0.021359182367748406	0.10081278776263516	0.021359182367748406	0.0	0.020385498735374347	0.10081278776263516	0.020385498735374347	0.0
0.0	-0.0047297615337285525	0.8515600553322358	-0.0047297615337285525	0.0	0.3991064518397891	0.8515600553322358	0.3991064518397891	0.0
0.0	0.08579991101658332	0.2623605242715492	0.08579991101658332	0.0	0.6244576145624254	0.2623605242715492	0.6244576145624254	0.0
0.0	-0.009035960677840902	0.06651208657938718	-0.009035960677840902	0.0	-0.04674499672640543	0.06651208657938718	-0.04674499672640543	0.0
0.0	0.08968821252883118	1.2201593100555876	0.08968821252883118	0.0	2.4652922014032663	1.2201593100555876	2.4652922014032663	0.0
0.0	0.026004114239934845	0.8275518176348721	0.026004114239934845	0.0	1.5435945450843085	0.8275518176348721	1.5435945450843085	0.0
0.0	0.009573802990973336	0.35226242699976457	0.009573802990973336	0.0	0.50273458445026	0.35226242699976457	0.50273458445026	0.0
0.0	0.07718843434385918	0.6238412380330933	0.07718843434385918	0.0	0.8791143814467612	0.6238412380330933	0.8791143814467612	0.0
0.0	-0.036084777595304915	0.8717081824136058	-0.036084777595304915	0.0	0.6130255103625057	0.8717081824136058	0.6130255103625057	0.0
0.0	-0.031403946243923696	0.048584896651944494	-0.031403946243923696	0.0	0.011624026696252034	0.048584896651944494	0.011624026696252034	0.0
0.0	-0.031040218161762823	0.9250786355560482	-0.031040218161762823	0.0	1.1518319471973077	0.9250786355560482	1.1518319471973077	0.0
0.0	-0.003136915262858154	0.24637556822520332	-0.003136915262858154	0.0	0.07233040201006505	0.24637556822520332	0.07233040201006505	0.0
0.0	0.008746458970411644	0.2351225430336516	0.008746458970411644	0.0	0.2287454456468593	0.2351225430336516	0.2287454456468593	0.0
0.0	0.09259066978704655	0.7904169206541803	0.09259066978704655	0.0	1.3992323249000027	0.7904169206541803	1.3992323249000027	0.0
0.0	-0.018970222498961815	0.6335853841916474	-0.018970222498961815	0.0	0.40404654726554823	0.6335853841916474	0.40404654726554823	0.0
0.0	-0.00837865345273204	0.7079785575163237	-0.00837865345273204	0.0	0.8454511696992321	0.7079785575163237	0.8454511696992321	0.0
0.0	-0.03662266852740257	0.9203765109909656	-0.03662266852740257	0.0	0.8470863151745212	0.9203765109909656	0.8470863151745212	0.0
0.0	-0.03694035226744761	0.22024315959164392	-0.03694035226744761	0.0	0.09750990188884698	0.22024315959164392	0.09750990188884698	0.0
0.0	0.02229853490795997	1.5864777466292093	0.02229853490795997	0.0	1.0140230001520043	1.5864777466292093	1.0140230001520043	0.0
0.0	0.08785752279629333	0.5823897926149841	0.08785752279629333	0.0	0.36381507098654087	0.5823897926149841	0.36381507098654087	0.0
0.0	-0.02166507943037439	0.9828663841874278	-0.02166507943037439	0.0	0.6674945669047183	0.9828663841874278	0.6674945669047183	0.0
0.0	-0.02375315443886837	0.17307667858439155	-0.02375315443886837	0.0	0.2280426547709217	0.17307667858439155	0.2280426547709217	0.0
0.0	0.016103907985165738	0.5519902176776693	0.016103907985165738	0.0	0.2997220015885772	0.5519902176776693	0.2997220015885772	0.0
0.0	-0.009675267632232396	0.6063844883270696	-0.009675267632232396	0.0	0.38109482500748193	0.6063844883270696	0.38109482500748193	0.0
0.0	0.08421025343368432	-0.027655416047337237	0.08421025343368432	0.0	0.08103162664931884	-0.027655416047337237	0.08103162664931884	0.0
0.0	-0.0036906595279726875	0.8654899890764984	-0.0036906595279726875	0.0	0.5944787674982458	0.8654899890764984	0.5944787674982458	0.0
0.0	-0.015967896107348764	1.0795294770182808	-0.015967896107348764	0.0	0.8939244848042004	1.0795294770182808	0.8939244848042004	0.0
0.0	0.011102062070460734	0.12944984822941338	0.011102062070460734	0.0	0.019000637419334578	0.12944984822941338	0.019000637419334578	0.0
0.0	0.03832036551346073	0.537472997074012	0.03832036551346073	0.0	0.42420297961053266	0.537472997074012	0.42420297961053266	0.0
0.0	-0.03227431801451208	0.6520427948722831	-0.03227431801451208	0.0	0.6879842577789131	0.6520427948722831	0.6879842577789131	0.0
0.0	-0.038818472416036046	0.4260343975056122	-0.038818472416036046	0.0	0.19896308280616978	0.4260343975056122	0.19896308280616978	0.0
0.0	0.007735631385533776	0.6792175874223837	0.007735631385533776	0.0	0.8491574665892225	0.6792175874223837	0.8491574665892225	0.0
0.0	0.02355350130172381	0.24636777058956033	0.02355350130172381	0.0	0.16513190642112252	0.24636777058956033	0.16513190642112252	0.0
0.0	0.013134540355742559	0.3963413415024443	0.013134540355742559	0.0	0.057095432043633855	0.3963413415024443	0.057095432043633855	0.0
0.0	0.021818986108485237	0.6352392821334827	0.021818986108485237	0.0	0.39740220737291815	0.6352392821334827	0.39740220737291815	0.0
