population in sample
0	0	1

generation in sample
0.0	1000.0	1000.0

expected_linearlized_fst_array
0.0	0.025	0.07495	0.025	0.0	0.04995	0.07495	0.04995	0.0	

mean_linearlized_fst_array
0.0	0.05016369768674398	0.15518854806000917	0.05016369768674398	0.0	0.10273788241361233	0.15518854806000917	0.10273788241361233	0.0

median_linearlized_fst_array
0.0	0.048235577118752544	0.1520898617133311	0.048235577118752544	0.0	0.10001666949365763	0.1520898617133311	0.10001666949365763	0.0

std_linearlized_fst_array
0.0	0.018196016768313294	0.030154988942851867	0.018196016768313294	0.0	0.030519335953222666	0.030154988942851867	0.030519335953222666	0.0

linearlized_fst_array
0.0	0.10244390349049312	0.22224450729378908	0.10244390349049312	0.0	0.17483970815827327	0.22224450729378908	0.17483970815827327	0.0
0.0	0.08509142473317163	0.17449685745354668	0.08509142473317163	0.0	0.10575169428377004	0.17449685745354668	0.10575169428377004	0.0
0.0	0.058674389254458684	0.15581534289295618	0.058674389254458684	0.0	0.12402495745885436	0.15581534289295618	0.12402495745885436	0.0
0.0	0.05471148336166979	0.1554364585062128	0.05471148336166979	0.0	0.07310353789672813	0.1554364585062128	0.07310353789672813	0.0
0.0	0.060288921722915646	0.16971665109236986	0.060288921722915646	0.0	0.1169808928503392	0.16971665109236986	0.1169808928503392	0.0
0.0	0.008518235177075773	0.13137571587540825	0.008518235177075773	0.0	0.044095402054234734	0.13137571587540825	0.044095402054234734	0.0
0.0	0.06293017815498271	0.12503055730892046	0.06293017815498271	0.0	0.11873802118597947	0.12503055730892046	0.11873802118597947	0.0
0.0	0.04993685899056255	0.15989251126384144	0.04993685899056255	0.0	0.057547307705266594	0.15989251126384144	0.057547307705266594	0.0
0.0	0.02219833601317461	0.12915862569375675	0.02219833601317461	0.0	0.07027522520481312	0.12915862569375675	0.07027522520481312	0.0
0.0	0.02699864023013581	0.14885098915484118	0.02699864023013581	0.0	0.0879365965284184	0.14885098915484118	0.0879365965284184	0.0
0.0	0.04585068513326324	0.16241515650494132	0.04585068513326324	0.0	0.11408034882926758	0.16241515650494132	0.11408034882926758	0.0
0.0	0.036519347943650624	0.16678440459297067	0.036519347943650624	0.0	0.09744282818222307	0.16678440459297067	0.09744282818222307	0.0
0.0	0.0494770272803754	0.14166074625225733	0.0494770272803754	0.0	0.0899636448926838	0.14166074625225733	0.0899636448926838	0.0
0.0	0.06441489146363896	0.1377806078373132	0.06441489146363896	0.0	0.11939869781690854	0.1377806078373132	0.11939869781690854	0.0
0.0	0.03920810999168156	0.13107038565728585	0.03920810999168156	0.0	0.06411126712288776	0.13107038565728585	0.06411126712288776	0.0
0.0	0.03514170464887415	0.13990109157941552	0.03514170464887415	0.0	0.11746815443862034	0.13990109157941552	0.11746815443862034	0.0
0.0	0.06854020843777806	0.15823732947432545	0.06854020843777806	0.0	0.1523858020761951	0.15823732947432545	0.1523858020761951	0.0
0.0	0.04485111737353143	0.1831001504100576	0.04485111737353143	0.0	0.16755695388569128	0.1831001504100576	0.16755695388569128	0.0
0.0	0.06714518127091282	0.0978942698896296	0.06714518127091282	0.0	0.11415705806096911	0.0978942698896296	0.11415705806096911	0.0
0.0	0.035335698291819796	0.13983141273151423	0.035335698291819796	0.0	0.09281106791475933	0.13983141273151423	0.09281106791475933	0.0
0.0	0.03658182998603477	0.19185455265245183	0.03658182998603477	0.0	0.12240784038183286	0.19185455265245183	0.12240784038183286	0.0
0.0	0.046942603037110106	0.14875452508487252	0.046942603037110106	0.0	0.09878517026499692	0.14875452508487252	0.09878517026499692	0.0
0.0	0.058560676871833396	0.1703824838075664	0.058560676871833396	0.0	0.1154005924614199	0.1703824838075664	0.1154005924614199	0.0
0.0	0.05444533071939943	0.18982682941491325	0.05444533071939943	0.0	0.09470581408841255	0.18982682941491325	0.09470581408841255	0.0
0.0	0.03386654195290718	0.15726518152511185	0.03386654195290718	0.0	0.10766482169129221	0.15726518152511185	0.10766482169129221	0.0
0.0	0.03304247160547696	0.19376211004836408	0.03304247160547696	0.0	0.11352324940266348	0.19376211004836408	0.11352324940266348	0.0
0.0	0.07457254290505609	0.20408566944472145	0.07457254290505609	0.0	0.14230683973299707	0.20408566944472145	0.14230683973299707	0.0
0.0	0.04063503938425869	0.1553947745283853	0.04063503938425869	0.0	0.10238975328803837	0.1553947745283853	0.10238975328803837	0.0
0.0	0.049025539690986344	0.14340328496626975	0.049025539690986344	0.0	0.0845709484297726	0.14340328496626975	0.0845709484297726	0.0
0.0	0.11213408338931961	0.11758003595449718	0.11213408338931961	0.0	0.10482308555111525	0.11758003595449718	0.10482308555111525	0.0
0.0	0.02997912986717288	0.15435594035963246	0.02997912986717288	0.0	0.11151580435584241	0.15435594035963246	0.11151580435584241	0.0
0.0	0.05855312073646452	0.12239969243058894	0.05855312073646452	0.0	0.06468243697913423	0.12239969243058894	0.06468243697913423	0.0
0.0	0.044303118275548996	0.1578007048189915	0.044303118275548996	0.0	0.12678822909903986	0.1578007048189915	0.12678822909903986	0.0
0.0	0.022855829685645087	0.14340440230430995	0.022855829685645087	0.0	0.08202324740627788	0.14340440230430995	0.08202324740627788	0.0
0.0	0.04574218844232979	0.13444321966411554	0.04574218844232979	0.0	0.14482546886470363	0.13444321966411554	0.14482546886470363	0.0
0.0	0.07364345318621064	0.13287566577439033	0.07364345318621064	0.0	0.11114825117922375	0.13287566577439033	0.11114825117922375	0.0
0.0	0.024105864052348835	0.16291668521123626	0.024105864052348835	0.0	0.10562051204932059	0.16291668521123626	0.10562051204932059	0.0
0.0	0.04293950264858611	0.19491234853899952	0.04293950264858611	0.0	0.10297646943420563	0.19491234853899952	0.10297646943420563	0.0
0.0	0.0602277299013402	0.17336520204226652	0.0602277299013402	0.0	0.11615508885295055	0.17336520204226652	0.11615508885295055	0.0
0.0	0.07540545647341332	0.2220102859653548	0.07540545647341332	0.0	0.12891401204219557	0.2220102859653548	0.12891401204219557	0.0
0.0	0.04360896193718208	0.17448960512281755	0.04360896193718208	0.0	0.13955837042107228	0.17448960512281755	0.13955837042107228	0.0
0.0	0.047937370446630365	0.1419271331965523	0.047937370446630365	0.0	0.12259476170774097	0.1419271331965523	0.12259476170774097	0.0
0.0	0.06042061653782867	0.13836843306921165	0.06042061653782867	0.0	0.09326151246300754	0.13836843306921165	0.09326151246300754	0.0
0.0	0.05776386937453449	0.15169979588789467	0.05776386937453449	0.0	0.1066494940202286	0.15169979588789467	0.1066494940202286	0.0
0.0	0.04777654181963415	0.16522127964766592	0.04777654181963415	0.0	0.16606271020937421	0.16522127964766592	0.16606271020937421	0.0
0.0	0.058918945351606716	0.18845476146542434	0.058918945351606716	0.0	0.11443547106185023	0.18845476146542434	0.11443547106185023	0.0
0.0	0.04413089439698342	0.17254889407871013	0.04413089439698342	0.0	0.09925482275923196	0.17254889407871013	0.09925482275923196	0.0
0.0	0.06326105668508049	0.14792392924781067	0.06326105668508049	0.0	0.11113272227758711	0.14792392924781067	0.11113272227758711	0.0
0.0	0.0441849820900956	0.14833769365741814	0.0441849820900956	0.0	0.07584934356196067	0.14833769365741814	0.07584934356196067	0.0
0.0	0.04119067531930493	0.13562170978850885	0.04119067531930493	0.0	0.0994693411197061	0.13562170978850885	0.0994693411197061	0.0
0.0	0.06996283688813722	0.13902062356283507	0.06996283688813722	0.0	0.16596289912912507	0.13902062356283507	0.16596289912912507	0.0
0.0	0.07799826919896188	0.17217225152728077	0.07799826919896188	0.0	0.13152221733390737	0.17217225152728077	0.13152221733390737	0.0
0.0	0.06497955284120983	0.18142990258416414	0.06497955284120983	0.0	0.1395839677668549	0.18142990258416414	0.1395839677668549	0.0
0.0	0.042059362707370464	0.1292552883986668	0.042059362707370464	0.0	0.0868501887588708	0.1292552883986668	0.0868501887588708	0.0
0.0	0.05710188445465243	0.22812703816097005	0.05710188445465243	0.0	0.15546432551683723	0.22812703816097005	0.15546432551683723	0.0
0.0	0.03845139693294235	0.16855506910945614	0.03845139693294235	0.0	0.05295016661237518	0.16855506910945614	0.05295016661237518	0.0
0.0	0.035649509612201244	0.20127817466487144	0.035649509612201244	0.0	0.10767653057734046	0.20127817466487144	0.10767653057734046	0.0
0.0	0.021494192908552028	0.13175460842929465	0.021494192908552028	0.0	0.10618600244286716	0.13175460842929465	0.10618600244286716	0.0
0.0	0.046998269173691064	0.1415749831655044	0.046998269173691064	0.0	0.08385848827250292	0.1415749831655044	0.08385848827250292	0.0
0.0	0.02172456500661438	0.11125634035902718	0.02172456500661438	0.0	0.06761479073546275	0.11125634035902718	0.06761479073546275	0.0
0.0	0.03851161422548278	0.18160195607083104	0.03851161422548278	0.0	0.15079322586274377	0.18160195607083104	0.15079322586274377	0.0
0.0	0.055726896614477744	0.1291974388453021	0.055726896614477744	0.0	0.06839453458580139	0.1291974388453021	0.06839453458580139	0.0
0.0	0.06105212271809149	0.10264479591638934	0.06105212271809149	0.0	0.08685039370077441	0.10264479591638934	0.08685039370077441	0.0
0.0	0.05907455268587082	0.1822464296371602	0.05907455268587082	0.0	0.11028337194794738	0.1822464296371602	0.11028337194794738	0.0
0.0	0.009291634685200669	0.18818309938112415	0.009291634685200669	0.0	0.1625519807397432	0.18818309938112415	0.1625519807397432	0.0
0.0	0.040619227718452326	0.16115786801320017	0.040619227718452326	0.0	0.1261586555354824	0.16115786801320017	0.1261586555354824	0.0
0.0	0.06405724364596373	0.13276589168391126	0.06405724364596373	0.0	0.060348449535414246	0.13276589168391126	0.060348449535414246	0.0
0.0	0.031667217001015116	0.13902473966025417	0.031667217001015116	0.0	0.09590548016201537	0.13902473966025417	0.09590548016201537	0.0
0.0	0.04741403071508734	0.15610961852809133	0.04741403071508734	0.0	0.08138283761842062	0.15610961852809133	0.08138283761842062	0.0
0.0	0.08075545455305091	0.1394870850550268	0.08075545455305091	0.0	0.08863658418240195	0.1394870850550268	0.08863658418240195	0.0
0.0	0.04875523671867059	0.15180934616148015	0.04875523671867059	0.0	0.10578655617144524	0.15180934616148015	0.10578655617144524	0.0
0.0	0.04942164917935442	0.12592021934126907	0.04942164917935442	0.0	0.09722981159866742	0.12592021934126907	0.09722981159866742	0.0
0.0	0.07468143896043664	0.16705691721342675	0.07468143896043664	0.0	0.14181444487609998	0.16705691721342675	0.14181444487609998	0.0
0.0	0.04259990864522904	0.20914764247513754	0.04259990864522904	0.0	0.16673296292968443	0.20914764247513754	0.16673296292968443	0.0
0.0	0.051553975232376745	0.10677747937013891	0.051553975232376745	0.0	0.08347197898422516	0.10677747937013891	0.08347197898422516	0.0
0.0	0.032842481724776926	0.18392864010928847	0.032842481724776926	0.0	0.08754944563557546	0.18392864010928847	0.08754944563557546	0.0
0.0	0.04971435937396442	0.1680826263181051	0.04971435937396442	0.0	0.1059990723666797	0.1680826263181051	0.1059990723666797	0.0
0.0	0.03150229805781574	0.1359411565260097	0.03150229805781574	0.0	0.060665744974982505	0.1359411565260097	0.060665744974982505	0.0
0.0	0.05270231237924784	0.14931027316411186	0.05270231237924784	0.0	0.15402346161758143	0.14931027316411186	0.15402346161758143	0.0
0.0	0.06678111003120459	0.1277757589471501	0.06678111003120459	0.0	0.08680504901900116	0.1277757589471501	0.08680504901900116	0.0
0.0	0.054342594052377305	0.15622627458175264	0.054342594052377305	0.0	0.10037701336310778	0.15622627458175264	0.10037701336310778	0.0
0.0	0.050556977235384104	0.21229271190558452	0.050556977235384104	0.0	0.10602123851042888	0.21229271190558452	0.10602123851042888	0.0
0.0	0.06565158902476002	0.1325426342804171	0.06565158902476002	0.0	0.06439407662347497	0.1325426342804171	0.06439407662347497	0.0
0.0	0.03129861655795413	0.22122566243473993	0.03129861655795413	0.0	0.18654261024668964	0.22122566243473993	0.18654261024668964	0.0
0.0	0.04509407876652681	0.09727163444385019	0.04509407876652681	0.0	0.07615999999999813	0.09727163444385019	0.07615999999999813	0.0
0.0	0.03803429042548962	0.11954575252075679	0.03803429042548962	0.0	0.07468473238350351	0.11954575252075679	0.07468473238350351	0.0
0.0	0.06523771916764022	0.18422571336965743	0.06523771916764022	0.0	0.12217903443697649	0.18422571336965743	0.12217903443697649	0.0
0.0	0.0832965352684624	0.11281996360430176	0.0832965352684624	0.0	0.08794617563737919	0.11281996360430176	0.08794617563737919	0.0
0.0	0.10422018422904106	0.22023201887635327	0.10422018422904106	0.0	0.1408085395796722	0.22023201887635327	0.1408085395796722	0.0
0.0	0.06099683394314779	0.1569434904213271	0.06099683394314779	0.0	0.11804950600231814	0.1569434904213271	0.11804950600231814	0.0
0.0	0.06249583975105782	0.1827038226567614	0.06249583975105782	0.0	0.15408717894060653	0.1827038226567614	0.15408717894060653	0.0
0.0	0.05719283444147323	0.09657354910762549	0.05719283444147323	0.0	0.05952697315969561	0.09657354910762549	0.05952697315969561	0.0
0.0	0.05426925466494568	0.12671002040410725	0.05426925466494568	0.0	0.07795033165054123	0.12671002040410725	0.07795033165054123	0.0
0.0	0.06276383727325709	0.13378143512240756	0.06276383727325709	0.0	0.09464736352766494	0.13378143512240756	0.09464736352766494	0.0
0.0	0.029335963068561097	0.12696124763972289	0.029335963068561097	0.0	0.09450604899262334	0.12696124763972289	0.09450604899262334	0.0
0.0	0.09122049955491258	0.19052776322357362	0.09122049955491258	0.0	0.10303271631506028	0.19052776322357362	0.10303271631506028	0.0
0.0	0.039669612233259315	0.15714787491960677	0.039669612233259315	0.0	0.12177135029527672	0.15714787491960677	0.12177135029527672	0.0
0.0	0.05493552596498219	0.1827221000380555	0.05493552596498219	0.0	0.08440429136079997	0.1827221000380555	0.08440429136079997	0.0
0.0	0.07032713332162438	0.16530445135127403	0.07032713332162438	0.0	0.13115486541532076	0.16530445135127403	0.13115486541532076	0.0
0.0	0.04515759371554616	0.19732832711270168	0.04515759371554616	0.0	0.1127434976602423	0.19732832711270168	0.1127434976602423	0.0
0.0	0.047611241386183445	0.13410646130934895	0.047611241386183445	0.0	0.0984654193819382	0.13410646130934895	0.0984654193819382	0.0
0.0	0.04039013470308892	0.08213782238003839	0.04039013470308892	0.0	0.05532918889809685	0.08213782238003839	0.05532918889809685	0.0
0.0	0.031180638427731767	0.13840756458557962	0.031180638427731767	0.0	0.09886033259679082	0.13840756458557962	0.09886033259679082	0.0
0.0	0.07203042078189378	0.16635447440650772	0.07203042078189378	0.0	0.10682171418882558	0.16635447440650772	0.10682171418882558	0.0
0.0	0.03812987472838953	0.1636394109412661	0.03812987472838953	0.0	0.10693170708997002	0.1636394109412661	0.10693170708997002	0.0
0.0	0.026610729493901312	0.12599419077412588	0.026610729493901312	0.0	0.08530281863748009	0.12599419077412588	0.08530281863748009	0.0
0.0	0.031942999446282025	0.15963952495692374	0.031942999446282025	0.0	0.105846817691471	0.15963952495692374	0.105846817691471	0.0
0.0	0.0258285827620922	0.1878751969744506	0.0258285827620922	0.0	0.08980124385680786	0.1878751969744506	0.08980124385680786	0.0
0.0	0.05702087416131361	0.1428063513435023	0.05702087416131361	0.0	0.08589508062867178	0.1428063513435023	0.08589508062867178	0.0
0.0	0.06770943821167572	0.2174021088472438	0.06770943821167572	0.0	0.15572629747748828	0.2174021088472438	0.15572629747748828	0.0
0.0	0.050627013144052845	0.1628690329138117	0.050627013144052845	0.0	0.09133059973864104	0.1628690329138117	0.09133059973864104	0.0
0.0	0.06579992181069363	0.1573751188238206	0.06579992181069363	0.0	0.12235760908165234	0.1573751188238206	0.12235760908165234	0.0
0.0	0.040774663600536186	0.17722172265214478	0.040774663600536186	0.0	0.1598460307176274	0.17722172265214478	0.1598460307176274	0.0
0.0	0.055828280946717004	0.12754340015078508	0.055828280946717004	0.0	0.06693768925301319	0.12754340015078508	0.06693768925301319	0.0
0.0	0.038644501615956665	0.18164737327352568	0.038644501615956665	0.0	0.12048058324652376	0.18164737327352568	0.12048058324652376	0.0
0.0	0.06181875568655504	0.16349798953413405	0.06181875568655504	0.0	0.048821312592677586	0.16349798953413405	0.048821312592677586	0.0
0.0	0.07175122842810254	0.13904872817907185	0.07175122842810254	0.0	0.11482415044539561	0.13904872817907185	0.11482415044539561	0.0
0.0	0.07952942350043031	0.1711412077279683	0.07952942350043031	0.0	0.1338672034863461	0.1711412077279683	0.1338672034863461	0.0
0.0	0.04148105263122819	0.22321898647089836	0.04148105263122819	0.0	0.12584299554389508	0.22321898647089836	0.12584299554389508	0.0
0.0	0.028812324742450993	0.15809134443283154	0.028812324742450993	0.0	0.10232512054954716	0.15809134443283154	0.10232512054954716	0.0
0.0	0.04562999574368999	0.1406833036586805	0.04562999574368999	0.0	0.11644066118972474	0.1406833036586805	0.11644066118972474	0.0
0.0	0.043573605123395656	0.10756000180310687	0.043573605123395656	0.0	0.10584490484003352	0.10756000180310687	0.10584490484003352	0.0
0.0	0.019984640263726657	0.16875047408243932	0.019984640263726657	0.0	0.11570355232312003	0.16875047408243932	0.11570355232312003	0.0
0.0	0.04225814061530312	0.12136809323020409	0.04225814061530312	0.0	0.09413295509159371	0.12136809323020409	0.09413295509159371	0.0
0.0	0.04112212112113932	0.16625223015724389	0.04112212112113932	0.0	0.09893150162179347	0.16625223015724389	0.09893150162179347	0.0
0.0	0.04245910692356812	0.15087108183773604	0.04245910692356812	0.0	0.08349762126809547	0.15087108183773604	0.08349762126809547	0.0
0.0	0.03224697898101295	0.0988193046910618	0.03224697898101295	0.0	0.08143066764488639	0.0988193046910618	0.08143066764488639	0.0
0.0	0.03198115122310181	0.13540140171464354	0.03198115122310181	0.0	0.0805082006077335	0.13540140171464354	0.0805082006077335	0.0
0.0	0.038315147361851855	0.13259873526827112	0.038315147361851855	0.0	0.09651679586561347	0.13259873526827112	0.09651679586561347	0.0
0.0	0.027290312485766036	0.1526006083067586	0.027290312485766036	0.0	0.1026019469740988	0.1526006083067586	0.1026019469740988	0.0
0.0	0.020881251461760748	0.16208206673217482	0.020881251461760748	0.0	0.10790633427609908	0.16208206673217482	0.10790633427609908	0.0
0.0	0.04756844443419001	0.17391970107704394	0.04756844443419001	0.0	0.12851295752065087	0.17391970107704394	0.12851295752065087	0.0
0.0	0.05270163889067709	0.15062644153795035	0.05270163889067709	0.0	0.08549810204520385	0.15062644153795035	0.08549810204520385	0.0
0.0	0.060719924178639355	0.13949031758519298	0.060719924178639355	0.0	0.10523932649600733	0.13949031758519298	0.10523932649600733	0.0
0.0	0.04775425656969129	0.13960886090773406	0.04775425656969129	0.0	0.06569830501263312	0.13960886090773406	0.06569830501263312	0.0
0.0	0.03656198535338073	0.1392302945613767	0.03656198535338073	0.0	0.06806455385333965	0.1392302945613767	0.06806455385333965	0.0
0.0	0.04179745642449916	0.15726067176629271	0.04179745642449916	0.0	0.11121597869503715	0.15726067176629271	0.11121597869503715	0.0
0.0	0.04330450648949011	0.17425582883701754	0.04330450648949011	0.0	0.09583863771736438	0.17425582883701754	0.09583863771736438	0.0
0.0	0.05463250941414392	0.1589264790010228	0.05463250941414392	0.0	0.10819339003364933	0.1589264790010228	0.10819339003364933	0.0
0.0	0.09746077172909993	0.15654178868283442	0.09746077172909993	0.0	0.08264671335969151	0.15654178868283442	0.08264671335969151	0.0
0.0	0.04614746958843997	0.11240936420117753	0.04614746958843997	0.0	0.09567474647251586	0.11240936420117753	0.09567474647251586	0.0
0.0	0.0696672900975393	0.2147164789840985	0.0696672900975393	0.0	0.07564591173039752	0.2147164789840985	0.07564591173039752	0.0
0.0	0.0631488653674134	0.18719937998278094	0.0631488653674134	0.0	0.10224801565727323	0.18719937998278094	0.10224801565727323	0.0
0.0	0.06006580195765132	0.14212434119915476	0.06006580195765132	0.0	0.1183979913351627	0.14212434119915476	0.1183979913351627	0.0
0.0	0.04074569234507355	0.15221773952073758	0.04074569234507355	0.0	0.08705614279381607	0.15221773952073758	0.08705614279381607	0.0
0.0	0.024343563333901024	0.1472289244705723	0.024343563333901024	0.0	0.07985857792242085	0.1472289244705723	0.07985857792242085	0.0
0.0	0.05897735288560134	0.177003092149775	0.05897735288560134	0.0	0.06444528849140913	0.177003092149775	0.06444528849140913	0.0
0.0	0.06652214699739609	0.1833469102146415	0.06652214699739609	0.0	0.11302668963018107	0.1833469102146415	0.11302668963018107	0.0
0.0	0.04686464605764499	0.15069485819750883	0.04686464605764499	0.0	0.09270542801969626	0.15069485819750883	0.09270542801969626	0.0
0.0	0.10295818183934052	0.14104302640682617	0.10295818183934052	0.0	0.14523450380605635	0.14104302640682617	0.14523450380605635	0.0
0.0	0.037714161723783605	0.10485100391945416	0.037714161723783605	0.0	0.10364271399940213	0.10485100391945416	0.10364271399940213	0.0
0.0	0.06558341404082092	0.19362242806414118	0.06558341404082092	0.0	0.1196244039373737	0.19362242806414118	0.1196244039373737	0.0
0.0	0.04230353464892635	0.12442472636051416	0.04230353464892635	0.0	0.10984595857610709	0.12442472636051416	0.10984595857610709	0.0
0.0	0.02815837496263612	0.19510726412380647	0.02815837496263612	0.0	0.16338042561887506	0.19510726412380647	0.16338042561887506	0.0
0.0	0.047881721616421874	0.18820108831164023	0.047881721616421874	0.0	0.08939230165320462	0.18820108831164023	0.08939230165320462	0.0
0.0	0.05650969584068101	0.14131664521090628	0.05650969584068101	0.0	0.10781568765386972	0.14131664521090628	0.10781568765386972	0.0
0.0	0.06452109823927447	0.19869314657929896	0.06452109823927447	0.0	0.1592200678096762	0.19869314657929896	0.1592200678096762	0.0
0.0	0.0461636276884323	0.1584757114605254	0.0461636276884323	0.0	0.06330694690867442	0.1584757114605254	0.06330694690867442	0.0
0.0	0.03542910710723888	0.13811097407855008	0.03542910710723888	0.0	0.08362813257878486	0.13811097407855008	0.08362813257878486	0.0
0.0	0.03519360634470424	0.20951747026654302	0.03519360634470424	0.0	0.1367930658501621	0.20951747026654302	0.1367930658501621	0.0
0.0	0.07921283619357096	0.19471227060010135	0.07921283619357096	0.0	0.1481313576827715	0.19471227060010135	0.1481313576827715	0.0
0.0	0.027926444425817137	0.160196791620486	0.027926444425817137	0.0	0.10694496567249503	0.160196791620486	0.10694496567249503	0.0
0.0	0.08929929356742228	0.1739172954204799	0.08929929356742228	0.0	0.13747616294089554	0.1739172954204799	0.13747616294089554	0.0
0.0	0.04599702849583241	0.11261579393431735	0.04599702849583241	0.0	0.0676022471909958	0.11261579393431735	0.0676022471909958	0.0
0.0	0.025778254482737586	0.13192190704264314	0.025778254482737586	0.0	0.0946120487941437	0.13192190704264314	0.0946120487941437	0.0
0.0	0.05080361732545293	0.13253631956390613	0.05080361732545293	0.0	0.12016258189757958	0.13253631956390613	0.12016258189757958	0.0
0.0	0.05308758737885131	0.15200859239317754	0.05308758737885131	0.0	0.14258889481451825	0.15200859239317754	0.14258889481451825	0.0
0.0	0.0776367938194766	0.16608809741368286	0.0776367938194766	0.0	0.14900678733026862	0.16608809741368286	0.14900678733026862	0.0
0.0	0.08510757783444914	0.12567870092538233	0.08510757783444914	0.0	0.09701350746347813	0.12567870092538233	0.09701350746347813	0.0
0.0	0.043508466345303344	0.13946032981807568	0.043508466345303344	0.0	0.09307739779954806	0.13946032981807568	0.09307739779954806	0.0
0.0	0.0588358128545507	0.14927951079877616	0.0588358128545507	0.0	0.11684948707619106	0.14927951079877616	0.11684948707619106	0.0
0.0	0.06613693534443994	0.10712236010164874	0.06613693534443994	0.0	0.09315058773444007	0.10712236010164874	0.09315058773444007	0.0
0.0	0.05528353363125801	0.11895374111129203	0.05528353363125801	0.0	0.0694484110656534	0.11895374111129203	0.0694484110656534	0.0
0.0	0.02471060165754208	0.12405953383256386	0.02471060165754208	0.0	0.09689601039351155	0.12405953383256386	0.09689601039351155	0.0
0.0	0.054599631672176116	0.15711146733049183	0.054599631672176116	0.0	0.07783599286922037	0.15711146733049183	0.07783599286922037	0.0
0.0	0.03856998741085066	0.1813892969236027	0.03856998741085066	0.0	0.13982970671708322	0.1813892969236027	0.13982970671708322	0.0
0.0	0.039588774923111504	0.1382170937094351	0.039588774923111504	0.0	0.06623170784659238	0.1382170937094351	0.06623170784659238	0.0
0.0	0.034863188812296726	0.16745736549967852	0.034863188812296726	0.0	0.10194323785880693	0.16745736549967852	0.10194323785880693	0.0
0.0	0.037972603570557206	0.12245534972452435	0.037972603570557206	0.0	0.047503750479704246	0.12245534972452435	0.047503750479704246	0.0
0.0	0.05553720314061207	0.1717078193234551	0.05553720314061207	0.0	0.10662415721524046	0.1717078193234551	0.10662415721524046	0.0
0.0	0.022372836748456148	0.1442910970804293	0.022372836748456148	0.0	0.11460658285067385	0.1442910970804293	0.11460658285067385	0.0
0.0	0.05777680640647026	0.19947477149633208	0.05777680640647026	0.0	0.15350732855730706	0.19947477149633208	0.15350732855730706	0.0
0.0	0.038033610742268575	0.13985243045369078	0.038033610742268575	0.0	0.0778651026392879	0.13985243045369078	0.0778651026392879	0.0
0.0	0.06860789511000488	0.18260986281520836	0.06860789511000488	0.0	0.14203378840817796	0.18260986281520836	0.14203378840817796	0.0
0.0	0.08961344972005816	0.19399162888969101	0.08961344972005816	0.0	0.12235700341902532	0.19399162888969101	0.12235700341902532	0.0
0.0	0.04293087831219857	0.15216845129793088	0.04293087831219857	0.0	0.11588521487276392	0.15216845129793088	0.11588521487276392	0.0
0.0	0.0698736008029612	0.16859785075490494	0.0698736008029612	0.0	0.09222073381902489	0.16859785075490494	0.09222073381902489	0.0
0.0	0.050598075856688185	0.1687124778860893	0.050598075856688185	0.0	0.1263700426463304	0.1687124778860893	0.1263700426463304	0.0
0.0	0.06155840000891213	0.1740334673128918	0.06155840000891213	0.0	0.08936261843236656	0.1740334673128918	0.08936261843236656	0.0
0.0	0.040473012358920805	0.20142787554146138	0.040473012358920805	0.0	0.10423275153747322	0.20142787554146138	0.10423275153747322	0.0
0.0	0.04155897690322553	0.16231192891299379	0.04155897690322553	0.0	0.11164933557569415	0.16231192891299379	0.11164933557569415	0.0
0.0	0.029547705177563707	0.0859192644771751	0.029547705177563707	0.0	0.02731399940923763	0.0859192644771751	0.02731399940923763	0.0
0.0	0.0276562580949552	0.16678685456819825	0.0276562580949552	0.0	0.0722006160355497	0.16678685456819825	0.0722006160355497	0.0
0.0	0.04724161952560377	0.19322077020930023	0.04724161952560377	0.0	0.11900610489314867	0.19322077020930023	0.11900610489314867	0.0
0.0	0.04467961816461101	0.1315997776492152	0.04467961816461101	0.0	0.10252939796976412	0.1315997776492152	0.10252939796976412	0.0
0.0	0.05584204303427747	0.1457569276746371	0.05584204303427747	0.0	0.10109464281803544	0.1457569276746371	0.10109464281803544	0.0
0.0	0.06435840272959395	0.16509461105104642	0.06435840272959395	0.0	0.12244602129921212	0.16509461105104642	0.12244602129921212	0.0
0.0	0.08768605198986924	0.2356665057535377	0.08768605198986924	0.0	0.1475921791820798	0.2356665057535377	0.1475921791820798	0.0
0.0	0.049896646464570725	0.1202766653320101	0.049896646464570725	0.0	0.05360640511655981	0.1202766653320101	0.05360640511655981	0.0
0.0	0.08084872594563174	0.14411637242483752	0.08084872594563174	0.0	0.1105530899104045	0.14411637242483752	0.1105530899104045	0.0
0.0	0.04586152332387419	0.20579202552111875	0.04586152332387419	0.0	0.12481281430433294	0.20579202552111875	0.12481281430433294	0.0
0.0	0.03928638564891917	0.12046685871097586	0.03928638564891917	0.0	0.06560814714944735	0.12046685871097586	0.06560814714944735	0.0
0.0	0.10095585528163749	0.1265631692265566	0.10095585528163749	0.0	0.0779752251474954	0.1265631692265566	0.0779752251474954	0.0
0.0	0.07331558379512078	0.19681760463609246	0.07331558379512078	0.0	0.11392456264533668	0.19681760463609246	0.11392456264533668	0.0
0.0	0.07058439728479943	0.17126327722231494	0.07058439728479943	0.0	0.14562518187988907	0.17126327722231494	0.14562518187988907	0.0
0.0	0.045676348344211436	0.14615243813148104	0.045676348344211436	0.0	0.10564894238913221	0.14615243813148104	0.10564894238913221	0.0
0.0	0.07698433803042014	0.09568874839248694	0.07698433803042014	0.0	0.10533796950822974	0.09568874839248694	0.10533796950822974	0.0
0.0	0.04571727450459707	0.15236601490972312	0.04571727450459707	0.0	0.10299008843253299	0.15236601490972312	0.10299008843253299	0.0
0.0	0.05110679940549812	0.150432456348786	0.05110679940549812	0.0	0.08543203614899905	0.150432456348786	0.08543203614899905	0.0
0.0	0.062013994349993995	0.15692728892171903	0.062013994349993995	0.0	0.08568432092290422	0.15692728892171903	0.08568432092290422	0.0
0.0	0.04899245675027263	0.19512789434392946	0.04899245675027263	0.0	0.12072368816491112	0.19512789434392946	0.12072368816491112	0.0
0.0	0.030414887336886545	0.2667061494330528	0.030414887336886545	0.0	0.21824159671988913	0.2667061494330528	0.21824159671988913	0.0
0.0	0.034824234111326104	0.0993184661074854	0.034824234111326104	0.0	0.10285800810082393	0.0993184661074854	0.10285800810082393	0.0
0.0	0.05819906095579175	0.1581905643401722	0.05819906095579175	0.0	0.12232003129887205	0.1581905643401722	0.12232003129887205	0.0
0.0	0.0753428413518782	0.1703397769803145	0.0753428413518782	0.0	0.09824534383559523	0.1703397769803145	0.09824534383559523	0.0
0.0	0.02791489716053721	0.1399022295818849	0.02791489716053721	0.0	0.059751556888187986	0.1399022295818849	0.059751556888187986	0.0
0.0	0.03639757959900728	0.1296836600182724	0.03639757959900728	0.0	0.05722711156497384	0.1296836600182724	0.05722711156497384	0.0
0.0	0.03275452988496348	0.12758899993274772	0.03275452988496348	0.0	0.09025153666445822	0.12758899993274772	0.09025153666445822	0.0
0.0	0.09350479133709365	0.12240244466373472	0.09350479133709365	0.0	0.07103664511068015	0.12240244466373472	0.07103664511068015	0.0
0.0	0.030193482331310435	0.16383667243296546	0.030193482331310435	0.0	0.10148041162662727	0.16383667243296546	0.10148041162662727	0.0
0.0	0.014062200232420968	0.16432623385878092	0.014062200232420968	0.0	0.09128437426547453	0.16432623385878092	0.09128437426547453	0.0
0.0	0.016624904290177656	0.10721907566964504	0.016624904290177656	0.0	0.04915175168112521	0.10721907566964504	0.04915175168112521	0.0
0.0	0.03774343539055481	0.14766927813460254	0.03774343539055481	0.0	0.09066164692676099	0.14766927813460254	0.09066164692676099	0.0
0.0	0.07155636080083763	0.16928513169958365	0.07155636080083763	0.0	0.11891152622949193	0.16928513169958365	0.11891152622949193	0.0
0.0	0.05312269465912195	0.20653132002584584	0.05312269465912195	0.0	0.09044660478034457	0.20653132002584584	0.09044660478034457	0.0
0.0	0.03183070453305198	0.14654543193080338	0.03183070453305198	0.0	0.11361194720998792	0.14654543193080338	0.11361194720998792	0.0
0.0	0.03305698854887195	0.15795376477287512	0.03305698854887195	0.0	0.10228923508490996	0.15795376477287512	0.10228923508490996	0.0
0.0	0.038699780544125706	0.15269209200639242	0.038699780544125706	0.0	0.09193015357520593	0.15269209200639242	0.09193015357520593	0.0
0.0	0.04628141093816399	0.13486485281957974	0.04628141093816399	0.0	0.06307983160515357	0.13486485281957974	0.06307983160515357	0.0
0.0	0.05283639433542781	0.11527346422582947	0.05283639433542781	0.0	0.06226637408249596	0.11527346422582947	0.06226637408249596	0.0
0.0	0.02603790774926396	0.11867881194396594	0.02603790774926396	0.0	0.06449130711153174	0.11867881194396594	0.06449130711153174	0.0
0.0	0.03440668497649534	0.1195243746035599	0.03440668497649534	0.0	0.07280415944538511	0.1195243746035599	0.07280415944538511	0.0
0.0	0.058512416605751676	0.13059570413967372	0.058512416605751676	0.0	0.10436178332506618	0.13059570413967372	0.10436178332506618	0.0
0.0	0.032997826843259186	0.15087909501141342	0.032997826843259186	0.0	0.08248067291226552	0.15087909501141342	0.08248067291226552	0.0
0.0	0.049629587708216176	0.1317823101979302	0.049629587708216176	0.0	0.07336683417083627	0.1317823101979302	0.07336683417083627	0.0
0.0	0.05231316804600418	0.16474007426130388	0.05231316804600418	0.0	0.07917642153872738	0.16474007426130388	0.07917642153872738	0.0
0.0	0.034605318699852325	0.13374630204197624	0.034605318699852325	0.0	0.04712659349647488	0.13374630204197624	0.04712659349647488	0.0
0.0	0.04187947146659472	0.13359404861293167	0.04187947146659472	0.0	0.14754264825343502	0.13359404861293167	0.14754264825343502	0.0
0.0	0.04566285117780303	0.16546617532972205	0.04566285117780303	0.0	0.12348472490850461	0.16546617532972205	0.12348472490850461	0.0
0.0	0.1174492410793399	0.12790964893523113	0.1174492410793399	0.0	0.1313888792894663	0.12790964893523113	0.1313888792894663	0.0
0.0	0.06660396284229321	0.14497109554091434	0.06660396284229321	0.0	0.09784656308565282	0.14497109554091434	0.09784656308565282	0.0
0.0	0.04304257645445299	0.16766226308516502	0.04304257645445299	0.0	0.11919066534257425	0.16766226308516502	0.11919066534257425	0.0
0.0	0.043498686072602676	0.12601744048143584	0.043498686072602676	0.0	0.08526965157017193	0.12601744048143584	0.08526965157017193	0.0
0.0	0.07094115231028421	0.1553713119406521	0.07094115231028421	0.0	0.11772885566079797	0.1553713119406521	0.11772885566079797	0.0
0.0	0.0379036416846639	0.1478868211924081	0.0379036416846639	0.0	0.08762198253721996	0.1478868211924081	0.08762198253721996	0.0
0.0	0.04305807449397052	0.10363151062046655	0.04305807449397052	0.0	0.04672886985401527	0.10363151062046655	0.04672886985401527	0.0
0.0	0.0460488691103091	0.14032262221438024	0.0460488691103091	0.0	0.10311328480958475	0.14032262221438024	0.10311328480958475	0.0
0.0	0.05495226303772316	0.1386360774015567	0.05495226303772316	0.0	0.14150131550098236	0.1386360774015567	0.14150131550098236	0.0
0.0	0.06401727182755941	0.13338657860353703	0.06401727182755941	0.0	0.09076058130900029	0.13338657860353703	0.09076058130900029	0.0
0.0	0.058471622285494754	0.1831480233977243	0.058471622285494754	0.0	0.12026432754037089	0.1831480233977243	0.12026432754037089	0.0
0.0	0.04515796376440258	0.14501346206513008	0.04515796376440258	0.0	0.08932822765141764	0.14501346206513008	0.08932822765141764	0.0
0.0	0.07648936286557942	0.13209270028886191	0.07648936286557942	0.0	0.09314725549831271	0.13209270028886191	0.09314725549831271	0.0
0.0	0.03707344443416862	0.18391819181460065	0.03707344443416862	0.0	0.10318838194757908	0.18391819181460065	0.10318838194757908	0.0
0.0	0.05611426637890975	0.10009538413629444	0.05611426637890975	0.0	0.08300185689091716	0.10009538413629444	0.08300185689091716	0.0
0.0	0.03260219720767818	0.17797608614392382	0.03260219720767818	0.0	0.1123647345955952	0.17797608614392382	0.1123647345955952	0.0
0.0	0.04767067460075608	0.14383040316550222	0.04767067460075608	0.0	0.11841954214775874	0.14383040316550222	0.11841954214775874	0.0
0.0	0.024057541500217213	0.19308242624713587	0.024057541500217213	0.0	0.10628010583683635	0.19308242624713587	0.10628010583683635	0.0
0.0	0.05177630045832246	0.1341015993400437	0.05177630045832246	0.0	0.09697071370367245	0.1341015993400437	0.09697071370367245	0.0
0.0	0.045643704333483866	0.14976853436271628	0.045643704333483866	0.0	0.11645084255488312	0.14976853436271628	0.11645084255488312	0.0
0.0	0.05307403305676734	0.19532060326138886	0.05307403305676734	0.0	0.10426051988329406	0.19532060326138886	0.10426051988329406	0.0
0.0	0.06317579448991148	0.15856958897055465	0.06317579448991148	0.0	0.13276121482302727	0.15856958897055465	0.13276121482302727	0.0
0.0	0.03507288234046044	0.09597905766532026	0.03507288234046044	0.0	0.04429091045442945	0.09597905766532026	0.04429091045442945	0.0
0.0	0.07117446515966964	0.13657262694273256	0.07117446515966964	0.0	0.09470621629291309	0.13657262694273256	0.09470621629291309	0.0
0.0	0.05577844074432787	0.14956188909277096	0.05577844074432787	0.0	0.11426719773170825	0.14956188909277096	0.11426719773170825	0.0
0.0	0.042117411765108005	0.20857767658083826	0.042117411765108005	0.0	0.14084035452452023	0.20857767658083826	0.14084035452452023	0.0
0.0	0.04433607364240974	0.20302511346865595	0.04433607364240974	0.0	0.10539310806287519	0.20302511346865595	0.10539310806287519	0.0
0.0	0.02722491207774849	0.16233065344315645	0.02722491207774849	0.0	0.13193558726330784	0.16233065344315645	0.13193558726330784	0.0
0.0	0.0658489606926931	0.2049661420819066	0.0658489606926931	0.0	0.14237840567398652	0.2049661420819066	0.14237840567398652	0.0
0.0	0.05733792544279277	0.18081876081256423	0.05733792544279277	0.0	0.11021110346508589	0.18081876081256423	0.11021110346508589	0.0
0.0	0.055235832207478235	0.1607316250611208	0.055235832207478235	0.0	0.0947890467249811	0.1607316250611208	0.0947890467249811	0.0
0.0	0.04444569014897727	0.1284584385081983	0.04444569014897727	0.0	0.04443918759081254	0.1284584385081983	0.04443918759081254	0.0
0.0	0.05975640654634256	0.19348776509814908	0.05975640654634256	0.0	0.13660719434415186	0.19348776509814908	0.13660719434415186	0.0
0.0	0.04366126091322178	0.17689015278712925	0.04366126091322178	0.0	0.08514667263327298	0.17689015278712925	0.08514667263327298	0.0
0.0	0.04561073266684139	0.1533988617721989	0.04561073266684139	0.0	0.09761890217829101	0.1533988617721989	0.09761890217829101	0.0
0.0	0.03698472975952251	0.17551457491506406	0.03698472975952251	0.0	0.13179641904405565	0.17551457491506406	0.13179641904405565	0.0
0.0	0.060609630947758925	0.14739651942103915	0.060609630947758925	0.0	0.14695089491675162	0.14739651942103915	0.14695089491675162	0.0
0.0	0.028562006549112263	0.11179163515022915	0.028562006549112263	0.0	0.04961735995373921	0.11179163515022915	0.04961735995373921	0.0
0.0	0.05675346633761786	0.20135728275265768	0.05675346633761786	0.0	0.1683048673462048	0.20135728275265768	0.1683048673462048	0.0
0.0	0.04757940501214413	0.1443750074735038	0.04757940501214413	0.0	0.09091342118990081	0.1443750074735038	0.09091342118990081	0.0
0.0	0.05944779492144475	0.14880020405157926	0.05944779492144475	0.0	0.07685367916547434	0.14880020405157926	0.07685367916547434	0.0
0.0	0.04071014766687782	0.1435070000295017	0.04071014766687782	0.0	0.11505150464426629	0.1435070000295017	0.11505150464426629	0.0
0.0	0.03245140664990469	0.1735386605836467	0.03245140664990469	0.0	0.13159336627364276	0.1735386605836467	0.13159336627364276	0.0
0.0	0.0607801428852813	0.1727592765297812	0.0607801428852813	0.0	0.1284073923874444	0.1727592765297812	0.1284073923874444	0.0
0.0	0.023953737598204697	0.16474517858376644	0.023953737598204697	0.0	0.11636792132155574	0.16474517858376644	0.11636792132155574	0.0
0.0	0.05040367524588506	0.17700177788937882	0.05040367524588506	0.0	0.10073986760259793	0.17700177788937882	0.10073986760259793	0.0
0.0	0.06070001046531788	0.17510906020930608	0.06070001046531788	0.0	0.07429148302266357	0.17510906020930608	0.07429148302266357	0.0
0.0	0.06663444753810069	0.11899939205714286	0.06663444753810069	0.0	0.11364160250792789	0.11899939205714286	0.11364160250792789	0.0
0.0	0.029706676883008147	0.1268727203440444	0.029706676883008147	0.0	0.07973466308890592	0.1268727203440444	0.07973466308890592	0.0
0.0	0.06204002769385364	0.10499652043818915	0.06204002769385364	0.0	0.079500557307839	0.10499652043818915	0.079500557307839	0.0
0.0	0.0539113464967979	0.17515799702190055	0.0539113464967979	0.0	0.13053801579139968	0.17515799702190055	0.13053801579139968	0.0
0.0	0.04792859892741795	0.126936830761915	0.04792859892741795	0.0	0.09778195020979247	0.126936830761915	0.09778195020979247	0.0
0.0	0.03354801806348374	0.1402235894760942	0.03354801806348374	0.0	0.1150569408014466	0.1402235894760942	0.1150569408014466	0.0
0.0	0.041580812427715545	0.14778303759130768	0.041580812427715545	0.0	0.09630222243136297	0.14778303759130768	0.09630222243136297	0.0
0.0	0.039047646680593934	0.1248671352105224	0.039047646680593934	0.0	0.09218487190112129	0.1248671352105224	0.09218487190112129	0.0
0.0	0.037030119119097475	0.15426392979426312	0.037030119119097475	0.0	0.08842134881756242	0.15426392979426312	0.08842134881756242	0.0
0.0	0.053796581261393195	0.16779916524056948	0.053796581261393195	0.0	0.10407907337312725	0.16779916524056948	0.10407907337312725	0.0
0.0	0.04411795151576087	0.14091072108298217	0.04411795151576087	0.0	0.07342597909725689	0.14091072108298217	0.07342597909725689	0.0
0.0	0.035413536446116736	0.2002322965608944	0.035413536446116736	0.0	0.15372040648169671	0.2002322965608944	0.15372040648169671	0.0
