population in sample
0	0	1

generation in sample
0.0	1000.0	1000.0

expected_linearlized_fst_array
0.0	0.025	0.07495	0.025	0.0	0.04995	0.07495	0.04995	0.0	

mean_linearlized_fst_array
0.0	0.05005888823288787	0.1550497277651993	0.05005888823288787	0.0	0.10259093369037404	0.1550497277651993	0.10259093369037404	0.0

median_linearlized_fst_array
0.0	0.04907235054552247	0.1539561383283753	0.04907235054552247	0.0	0.10145858592389906	0.1539561383283753	0.10145858592389906	0.0

std_linearlized_fst_array
0.0	0.012366745444291427	0.018759296526619305	0.012366745444291427	0.0	0.01947424898216576	0.018759296526619305	0.01947424898216576	0.0

linearlized_fst_array
0.0	0.07811727922766808	0.1458167887279354	0.07811727922766808	0.0	0.09303597479212625	0.1458167887279354	0.09303597479212625	0.0
0.0	0.05460604421085164	0.183801534530993	0.05460604421085164	0.0	0.12014823316795735	0.183801534530993	0.12014823316795735	0.0
0.0	0.055031742352203775	0.13330113745485078	0.055031742352203775	0.0	0.09177111150831513	0.13330113745485078	0.09177111150831513	0.0
0.0	0.04446171114854853	0.14422770375731953	0.04446171114854853	0.0	0.10068645529701627	0.14422770375731953	0.10068645529701627	0.0
0.0	0.04851908922144867	0.1329252259721314	0.04851908922144867	0.0	0.09774513255314968	0.1329252259721314	0.09774513255314968	0.0
0.0	0.03870187411909264	0.175148071354606	0.03870187411909264	0.0	0.10927750611236212	0.175148071354606	0.10927750611236212	0.0
0.0	0.055131401206505164	0.17572394443654127	0.055131401206505164	0.0	0.1399046104927096	0.17572394443654127	0.1399046104927096	0.0
0.0	0.06028219320665553	0.14440211780929343	0.06028219320665553	0.0	0.0937937437507757	0.14440211780929343	0.0937937437507757	0.0
0.0	0.0532907143076651	0.13554946407501364	0.0532907143076651	0.0	0.11010245118949995	0.13554946407501364	0.11010245118949995	0.0
0.0	0.05275827603529412	0.1515485309183881	0.05275827603529412	0.0	0.11384884603135423	0.1515485309183881	0.11384884603135423	0.0
0.0	0.0494209539928451	0.15177017798339462	0.0494209539928451	0.0	0.06914973836331391	0.15177017798339462	0.06914973836331391	0.0
0.0	0.03362061662628097	0.14518211751582563	0.03362061662628097	0.0	0.10334403108750688	0.14518211751582563	0.10334403108750688	0.0
0.0	0.06154407591028904	0.13587757253866953	0.06154407591028904	0.0	0.09887201735345463	0.13587757253866953	0.09887201735345463	0.0
0.0	0.08132079865960773	0.15404174204157367	0.08132079865960773	0.0	0.10238677284710321	0.15404174204157367	0.10238677284710321	0.0
0.0	0.042201878880143165	0.15055770917323305	0.042201878880143165	0.0	0.10843408973771815	0.15055770917323305	0.10843408973771815	0.0
0.0	0.03527488091584229	0.1285299101778723	0.03527488091584229	0.0	0.08447703314078228	0.1285299101778723	0.08447703314078228	0.0
0.0	0.03656749795443537	0.1272970590968869	0.03656749795443537	0.0	0.08955029710616268	0.1272970590968869	0.08955029710616268	0.0
0.0	0.057373352986546854	0.17670652630507894	0.057373352986546854	0.0	0.10057913878771661	0.17670652630507894	0.10057913878771661	0.0
0.0	0.039659970650825924	0.15398165301772634	0.039659970650825924	0.0	0.11964836809114868	0.15398165301772634	0.11964836809114868	0.0
0.0	0.055905867673179364	0.1499424278515579	0.055905867673179364	0.0	0.08438337324815655	0.1499424278515579	0.08438337324815655	0.0
0.0	0.0575199445050731	0.1381175222059441	0.0575199445050731	0.0	0.08959785522775873	0.1381175222059441	0.08959785522775873	0.0
0.0	0.058090620933331866	0.15263678955736956	0.058090620933331866	0.0	0.08519923547475791	0.15263678955736956	0.08519923547475791	0.0
0.0	0.046600855647288074	0.1782261793186256	0.046600855647288074	0.0	0.08160042116334339	0.1782261793186256	0.08160042116334339	0.0
0.0	0.047814625684867745	0.15409952971669064	0.047814625684867745	0.0	0.10100244599155289	0.15409952971669064	0.10100244599155289	0.0
0.0	0.04407605909451249	0.13811120037245447	0.04407605909451249	0.0	0.09338307963098688	0.13811120037245447	0.09338307963098688	0.0
0.0	0.047696819564283496	0.14175132148393	0.047696819564283496	0.0	0.09433617184848692	0.14175132148393	0.09433617184848692	0.0
0.0	0.05445100843351989	0.1802194516032941	0.05445100843351989	0.0	0.14668362504257265	0.1802194516032941	0.14668362504257265	0.0
0.0	0.04583385375094237	0.1584864664078227	0.04583385375094237	0.0	0.1034411076009197	0.1584864664078227	0.1034411076009197	0.0
0.0	0.051112360185435225	0.18547280872869154	0.051112360185435225	0.0	0.11481088806736864	0.18547280872869154	0.11481088806736864	0.0
0.0	0.05012069559550364	0.1390290983933493	0.05012069559550364	0.0	0.07370983560607905	0.1390290983933493	0.07370983560607905	0.0
0.0	0.033326490286881595	0.1329543814128632	0.033326490286881595	0.0	0.10077753728872181	0.1329543814128632	0.10077753728872181	0.0
0.0	0.05591008578156613	0.16657799462726072	0.05591008578156613	0.0	0.10309300687924725	0.16657799462726072	0.10309300687924725	0.0
0.0	0.05221418479440523	0.1580897826186074	0.05221418479440523	0.0	0.11362440634863448	0.1580897826186074	0.11362440634863448	0.0
0.0	0.04322158252651191	0.13064320260748352	0.04322158252651191	0.0	0.08156556125741261	0.13064320260748352	0.08156556125741261	0.0
0.0	0.03449722661193748	0.16442638450633457	0.03449722661193748	0.0	0.11788156980347331	0.16442638450633457	0.11788156980347331	0.0
0.0	0.058135592807585054	0.16490780996758053	0.058135592807585054	0.0	0.10796545705711115	0.16490780996758053	0.10796545705711115	0.0
0.0	0.03642179111398182	0.14862828690473773	0.03642179111398182	0.0	0.07946087375620314	0.14862828690473773	0.07946087375620314	0.0
0.0	0.04271876273811384	0.1482014036839249	0.04271876273811384	0.0	0.10467380545294191	0.1482014036839249	0.10467380545294191	0.0
0.0	0.05719040598768074	0.1399593226886408	0.05719040598768074	0.0	0.09313195822892721	0.1399593226886408	0.09313195822892721	0.0
0.0	0.07082315378569488	0.1444572299103853	0.07082315378569488	0.0	0.10277267816967736	0.1444572299103853	0.10277267816967736	0.0
0.0	0.04902256892786706	0.1635227584553849	0.04902256892786706	0.0	0.0980316022217362	0.1635227584553849	0.0980316022217362	0.0
0.0	0.05126636180057838	0.16598046327174942	0.05126636180057838	0.0	0.11303113174340329	0.16598046327174942	0.11303113174340329	0.0
0.0	0.062369704518123806	0.1834503774023191	0.062369704518123806	0.0	0.1169998057024788	0.1834503774023191	0.1169998057024788	0.0
0.0	0.04808350547611939	0.135060629451787	0.04808350547611939	0.0	0.08041502190985245	0.135060629451787	0.08041502190985245	0.0
0.0	0.0516264246286012	0.15322280946620775	0.0516264246286012	0.0	0.0959685925230084	0.15322280946620775	0.0959685925230084	0.0
0.0	0.042179218673338514	0.16002448122468724	0.042179218673338514	0.0	0.08794421192933245	0.16002448122468724	0.08794421192933245	0.0
0.0	0.0417384602134105	0.1539453190749485	0.0417384602134105	0.0	0.1003368406821116	0.1539453190749485	0.1003368406821116	0.0
0.0	0.03537861309996541	0.15068683384131226	0.03537861309996541	0.0	0.08396650418125731	0.15068683384131226	0.08396650418125731	0.0
0.0	0.03745272364294238	0.15020761848055564	0.03745272364294238	0.0	0.0997291431445165	0.15020761848055564	0.0997291431445165	0.0
0.0	0.047744537247199494	0.15522232167548436	0.047744537247199494	0.0	0.11942049686258963	0.15522232167548436	0.11942049686258963	0.0
0.0	0.04138266882479651	0.15764686102526818	0.04138266882479651	0.0	0.11291157541262148	0.15764686102526818	0.11291157541262148	0.0
0.0	0.06745545540038075	0.16455342679407653	0.06745545540038075	0.0	0.11056698049905914	0.16455342679407653	0.11056698049905914	0.0
0.0	0.05481695991883864	0.15531751861609577	0.05481695991883864	0.0	0.10447393101517395	0.15531751861609577	0.10447393101517395	0.0
0.0	0.05787788200135069	0.1475987985469851	0.05787788200135069	0.0	0.08475573331196569	0.1475987985469851	0.08475573331196569	0.0
0.0	0.053936066657818034	0.15062358172247056	0.053936066657818034	0.0	0.10951697105866992	0.15062358172247056	0.10951697105866992	0.0
0.0	0.043413092965821104	0.15168703191578178	0.043413092965821104	0.0	0.08427437778033303	0.15168703191578178	0.08427437778033303	0.0
0.0	0.05515521379131183	0.14811068611199096	0.05515521379131183	0.0	0.09769438848907193	0.14811068611199096	0.09769438848907193	0.0
0.0	0.04922177560438088	0.18886673140429994	0.04922177560438088	0.0	0.10418877099898957	0.18886673140429994	0.10418877099898957	0.0
0.0	0.049261732337523845	0.15165061954502027	0.049261732337523845	0.0	0.09250344620904462	0.15165061954502027	0.09250344620904462	0.0
0.0	0.059094562210316046	0.16721921882624424	0.059094562210316046	0.0	0.10944223718169421	0.16721921882624424	0.10944223718169421	0.0
0.0	0.05103632159110868	0.1618631236107307	0.05103632159110868	0.0	0.11695898380336053	0.1618631236107307	0.11695898380336053	0.0
0.0	0.02694405546602363	0.14794569979630368	0.02694405546602363	0.0	0.09845733093376162	0.14794569979630368	0.09845733093376162	0.0
0.0	0.06559045478077347	0.15022585220316892	0.06559045478077347	0.0	0.09824222718945348	0.15022585220316892	0.09824222718945348	0.0
0.0	0.06766928910187109	0.162668676524607	0.06766928910187109	0.0	0.13047194328480788	0.162668676524607	0.13047194328480788	0.0
0.0	0.03339544250931889	0.14080792229305458	0.03339544250931889	0.0	0.07832858747915063	0.14080792229305458	0.07832858747915063	0.0
0.0	0.04951073702183126	0.1314764513294833	0.04951073702183126	0.0	0.08407521959657019	0.1314764513294833	0.08407521959657019	0.0
0.0	0.052065250974513186	0.144359579271389	0.052065250974513186	0.0	0.1068871894654467	0.144359579271389	0.1068871894654467	0.0
0.0	0.041725328111026326	0.14091514807474942	0.041725328111026326	0.0	0.08208137885879864	0.14091514807474942	0.08208137885879864	0.0
0.0	0.037638713360556644	0.17115243759351897	0.037638713360556644	0.0	0.13871478680561158	0.17115243759351897	0.13871478680561158	0.0
0.0	0.047512967032272146	0.1733317587763602	0.047512967032272146	0.0	0.11650182392526659	0.1733317587763602	0.11650182392526659	0.0
0.0	0.07742962129351462	0.14333675987568992	0.07742962129351462	0.0	0.11028719539246107	0.14333675987568992	0.11028719539246107	0.0
0.0	0.07086973871482927	0.16362784329786828	0.07086973871482927	0.0	0.1187839044151773	0.16362784329786828	0.1187839044151773	0.0
0.0	0.02280536497929329	0.1668204114225177	0.02280536497929329	0.0	0.10057594793893396	0.1668204114225177	0.10057594793893396	0.0
0.0	0.048573054671640935	0.14587324776090085	0.048573054671640935	0.0	0.08269452641697352	0.14587324776090085	0.08269452641697352	0.0
0.0	0.025361567623996266	0.15587369337886114	0.025361567623996266	0.0	0.07731490088036833	0.15587369337886114	0.07731490088036833	0.0
0.0	0.028130514223455222	0.15276298793512524	0.028130514223455222	0.0	0.09774125250709384	0.15276298793512524	0.09774125250709384	0.0
0.0	0.04736929453931447	0.16775586290026748	0.04736929453931447	0.0	0.09895426217373443	0.16775586290026748	0.09895426217373443	0.0
0.0	0.06394666832869511	0.16563522577854067	0.06394666832869511	0.0	0.10236368290797128	0.16563522577854067	0.10236368290797128	0.0
0.0	0.0854119592321792	0.1547098653381413	0.0854119592321792	0.0	0.14047430830027577	0.1547098653381413	0.14047430830027577	0.0
0.0	0.0666490394470566	0.16240824710291002	0.0666490394470566	0.0	0.12298677221855252	0.16240824710291002	0.12298677221855252	0.0
0.0	0.03860759576855065	0.13079104593617236	0.03860759576855065	0.0	0.09798791992187021	0.13079104593617236	0.09798791992187021	0.0
0.0	0.0450197549800873	0.17792901135969474	0.0450197549800873	0.0	0.11022557204408995	0.17792901135969474	0.11022557204408995	0.0
0.0	0.05111565958629757	0.1485394955757915	0.05111565958629757	0.0	0.10636925062206509	0.1485394955757915	0.10636925062206509	0.0
0.0	0.06313879910902671	0.17123910415786936	0.06313879910902671	0.0	0.11353848804004057	0.17123910415786936	0.11353848804004057	0.0
0.0	0.04267150802115753	0.15357714445800763	0.04267150802115753	0.0	0.08857678967405624	0.15357714445800763	0.08857678967405624	0.0
0.0	0.05658102892097638	0.1453068927213475	0.05658102892097638	0.0	0.1000866436763113	0.1453068927213475	0.1000866436763113	0.0
0.0	0.055123065631952836	0.16151182336976394	0.055123065631952836	0.0	0.09725458464755156	0.16151182336976394	0.09725458464755156	0.0
0.0	0.05294297686494392	0.17560378686434377	0.05294297686494392	0.0	0.12151783979783706	0.17560378686434377	0.12151783979783706	0.0
0.0	0.03707266105888858	0.13228838045376604	0.03707266105888858	0.0	0.07087844509487001	0.13228838045376604	0.07087844509487001	0.0
0.0	0.05089758619113564	0.17312755116143877	0.05089758619113564	0.0	0.10913675883763711	0.17312755116143877	0.10913675883763711	0.0
0.0	0.060140011150882605	0.16062339786260965	0.060140011150882605	0.0	0.1219819384633916	0.16062339786260965	0.1219819384633916	0.0
0.0	0.046201911091680724	0.19190609424329622	0.046201911091680724	0.0	0.10830938398087472	0.19190609424329622	0.10830938398087472	0.0
0.0	0.037149932587638775	0.14203389520131898	0.037149932587638775	0.0	0.10832419648328338	0.14203389520131898	0.10832419648328338	0.0
0.0	0.04157890791042249	0.15757413203895168	0.04157890791042249	0.0	0.09310892679421505	0.15757413203895168	0.09310892679421505	0.0
0.0	0.0548304715235726	0.13829184157102423	0.0548304715235726	0.0	0.0661567900212644	0.13829184157102423	0.0661567900212644	0.0
0.0	0.06215869121884464	0.16933845630867778	0.06215869121884464	0.0	0.12362955700138328	0.16933845630867778	0.12362955700138328	0.0
0.0	0.03474051741197093	0.13927799665147667	0.03474051741197093	0.0	0.08153061406257872	0.13927799665147667	0.08153061406257872	0.0
0.0	0.043405163759834164	0.13850056559041732	0.043405163759834164	0.0	0.09478523217124135	0.13850056559041732	0.09478523217124135	0.0
0.0	0.04899335816607892	0.17810784811941996	0.04899335816607892	0.0	0.10810064563114125	0.17810784811941996	0.10810064563114125	0.0
0.0	0.05090106475682981	0.1766925351412827	0.05090106475682981	0.0	0.12865665711109134	0.1766925351412827	0.12865665711109134	0.0
0.0	0.04420021350321146	0.14355230525943857	0.04420021350321146	0.0	0.10731784918855405	0.14355230525943857	0.10731784918855405	0.0
0.0	0.05052941014610013	0.1423026167141052	0.05052941014610013	0.0	0.0911336209216347	0.1423026167141052	0.0911336209216347	0.0
0.0	0.04787385139565297	0.18425957655726072	0.04787385139565297	0.0	0.12775261003527413	0.18425957655726072	0.12775261003527413	0.0
0.0	0.038421113286449884	0.15607047314022834	0.038421113286449884	0.0	0.0957155675189391	0.15607047314022834	0.0957155675189391	0.0
0.0	0.04899710985037751	0.118705100427153	0.04899710985037751	0.0	0.09197401739500449	0.118705100427153	0.09197401739500449	0.0
0.0	0.04834102219107177	0.14214447698082974	0.04834102219107177	0.0	0.09711255357108908	0.14214447698082974	0.09711255357108908	0.0
0.0	0.07182853035079743	0.13687023742732304	0.07182853035079743	0.0	0.11668732688404407	0.13687023742732304	0.11668732688404407	0.0
0.0	0.061866760406746935	0.16473171936836992	0.061866760406746935	0.0	0.08893272534625032	0.16473171936836992	0.08893272534625032	0.0
0.0	0.04511951401368311	0.13720701077746147	0.04511951401368311	0.0	0.09412090447610758	0.13720701077746147	0.09412090447610758	0.0
0.0	0.062265122836828724	0.15478341022538475	0.062265122836828724	0.0	0.0856529847472831	0.15478341022538475	0.0856529847472831	0.0
0.0	0.0768290269680652	0.17386257985153977	0.0768290269680652	0.0	0.10591551931858431	0.17386257985153977	0.10591551931858431	0.0
0.0	0.037717597982354	0.15429497567215675	0.037717597982354	0.0	0.10422349416432837	0.15429497567215675	0.10422349416432837	0.0
0.0	0.046828108884343383	0.14062093393778013	0.046828108884343383	0.0	0.09376492939424318	0.14062093393778013	0.09376492939424318	0.0
0.0	0.029110327278631894	0.15210301709676788	0.029110327278631894	0.0	0.08894306051849532	0.15210301709676788	0.08894306051849532	0.0
0.0	0.03704818434865602	0.1316997034508311	0.03704818434865602	0.0	0.07072064995386412	0.1316997034508311	0.07072064995386412	0.0
0.0	0.0570496381556019	0.161470380154239	0.0570496381556019	0.0	0.10414137616145949	0.161470380154239	0.10414137616145949	0.0
0.0	0.05227703341981094	0.16952663984323932	0.05227703341981094	0.0	0.09796465192957457	0.16952663984323932	0.09796465192957457	0.0
0.0	0.04509491174298427	0.15772757318698083	0.04509491174298427	0.0	0.07840044958805346	0.15772757318698083	0.07840044958805346	0.0
0.0	0.045202308109736855	0.1796909278066169	0.045202308109736855	0.0	0.12095007204432706	0.1796909278066169	0.12095007204432706	0.0
0.0	0.04666985137825045	0.15826741369568004	0.04666985137825045	0.0	0.12354858089521618	0.15826741369568004	0.12354858089521618	0.0
0.0	0.04654492197702519	0.1607756752401296	0.04654492197702519	0.0	0.10490841366433269	0.1607756752401296	0.10490841366433269	0.0
0.0	0.061915643829680074	0.14419155556821142	0.061915643829680074	0.0	0.07986464599707487	0.14419155556821142	0.07986464599707487	0.0
0.0	0.060294551577255176	0.17258227834609938	0.060294551577255176	0.0	0.10828114126638229	0.17258227834609938	0.10828114126638229	0.0
0.0	0.047116628366398496	0.1567708777344499	0.047116628366398496	0.0	0.09889002110767808	0.1567708777344499	0.09889002110767808	0.0
0.0	0.08261533019192276	0.16288569869005246	0.08261533019192276	0.0	0.11310119460858334	0.16288569869005246	0.11310119460858334	0.0
0.0	0.053357623458707946	0.14477095173766877	0.053357623458707946	0.0	0.10729113221087902	0.14477095173766877	0.10729113221087902	0.0
0.0	0.04059169782815975	0.1577959964130795	0.04059169782815975	0.0	0.09957661033057416	0.1577959964130795	0.09957661033057416	0.0
0.0	0.05670199562854921	0.16339718929839675	0.05670199562854921	0.0	0.10229305850971443	0.16339718929839675	0.10229305850971443	0.0
0.0	0.05585235902203476	0.13797254919046859	0.05585235902203476	0.0	0.09417261198138173	0.13797254919046859	0.09417261198138173	0.0
0.0	0.07193468436909761	0.16229691071807115	0.07193468436909761	0.0	0.10640702872102571	0.16229691071807115	0.10640702872102571	0.0
0.0	0.040454355899633435	0.16158544395873367	0.040454355899633435	0.0	0.08093601222706293	0.16158544395873367	0.08093601222706293	0.0
0.0	0.03928956109035809	0.1661977745491972	0.03928956109035809	0.0	0.097549433645518	0.1661977745491972	0.097549433645518	0.0
0.0	0.05594514946284446	0.17123859615505688	0.05594514946284446	0.0	0.1403180135045491	0.17123859615505688	0.1403180135045491	0.0
0.0	0.07461515778556362	0.15500360784164277	0.07461515778556362	0.0	0.0849435315526488	0.15500360784164277	0.0849435315526488	0.0
0.0	0.03913674423994956	0.1460466793928386	0.03913674423994956	0.0	0.09914861605316826	0.1460466793928386	0.09914861605316826	0.0
0.0	0.05375408575046248	0.11798764161350382	0.05375408575046248	0.0	0.07751072210053674	0.11798764161350382	0.07751072210053674	0.0
0.0	0.0612467177730657	0.13144173014596955	0.0612467177730657	0.0	0.10914527211556639	0.13144173014596955	0.10914527211556639	0.0
0.0	0.05610032807611023	0.18573093758773923	0.05610032807611023	0.0	0.11303537466704583	0.18573093758773923	0.11303537466704583	0.0
0.0	0.03468060275265098	0.15914042924871583	0.03468060275265098	0.0	0.10439943185314461	0.15914042924871583	0.10439943185314461	0.0
0.0	0.050893569874589206	0.16182201133168075	0.050893569874589206	0.0	0.10042198332148408	0.16182201133168075	0.10042198332148408	0.0
0.0	0.03669723617048114	0.1447179088565454	0.03669723617048114	0.0	0.09734460679307656	0.1447179088565454	0.09734460679307656	0.0
0.0	0.08199122936799284	0.16808647741607977	0.08199122936799284	0.0	0.13664806185658213	0.16808647741607977	0.13664806185658213	0.0
0.0	0.06203133284871962	0.15665329295133232	0.06203133284871962	0.0	0.12835972276994867	0.15665329295133232	0.12835972276994867	0.0
0.0	0.05913906752754955	0.19086526688193062	0.05913906752754955	0.0	0.11268649107888258	0.19086526688193062	0.11268649107888258	0.0
0.0	0.039268700359565444	0.1493706900265985	0.039268700359565444	0.0	0.09299918005583649	0.1493706900265985	0.09299918005583649	0.0
0.0	0.04366241938374866	0.1654677692736437	0.04366241938374866	0.0	0.09679158517879617	0.1654677692736437	0.09679158517879617	0.0
0.0	0.038131712417226946	0.13957702830166677	0.038131712417226946	0.0	0.07536665056668468	0.13957702830166677	0.07536665056668468	0.0
0.0	0.09628854127887648	0.16047021944658607	0.09628854127887648	0.0	0.1300798611724625	0.16047021944658607	0.1300798611724625	0.0
0.0	0.053308259794743386	0.15118407956538707	0.053308259794743386	0.0	0.09875314279836943	0.15118407956538707	0.09875314279836943	0.0
0.0	0.054097265341983114	0.15206182565892584	0.054097265341983114	0.0	0.11366696501525426	0.15206182565892584	0.11366696501525426	0.0
0.0	0.05977258285022682	0.1525221760033135	0.05977258285022682	0.0	0.08721131186160178	0.1525221760033135	0.08721131186160178	0.0
0.0	0.05282343544258381	0.1401331851316584	0.05282343544258381	0.0	0.08212309958367822	0.1401331851316584	0.08212309958367822	0.0
0.0	0.06002277159031771	0.11266767499182204	0.06002277159031771	0.0	0.07490471391641393	0.11266767499182204	0.07490471391641393	0.0
0.0	0.039975501683164175	0.12893674806681005	0.039975501683164175	0.0	0.085106816214888	0.12893674806681005	0.085106816214888	0.0
0.0	0.08258561573705284	0.16264244800787236	0.08258561573705284	0.0	0.12000730817501473	0.16264244800787236	0.12000730817501473	0.0
0.0	0.07071203223119853	0.157438092221343	0.07071203223119853	0.0	0.10730934397854543	0.157438092221343	0.10730934397854543	0.0
0.0	0.03271467485511351	0.161896530470477	0.03271467485511351	0.0	0.09955536339242556	0.161896530470477	0.09955536339242556	0.0
0.0	0.02477559593341843	0.1409061834615409	0.02477559593341843	0.0	0.08243429176209235	0.1409061834615409	0.08243429176209235	0.0
0.0	0.033761443966522836	0.14035693683629946	0.033761443966522836	0.0	0.0798461997646153	0.14035693683629946	0.0798461997646153	0.0
0.0	0.04125343258333363	0.15265814289991578	0.04125343258333363	0.0	0.0938443472487962	0.15265814289991578	0.0938443472487962	0.0
0.0	0.03623680809247764	0.14844940784768537	0.03623680809247764	0.0	0.09621929479300326	0.14844940784768537	0.09621929479300326	0.0
0.0	0.062176827063999615	0.15747690766916678	0.062176827063999615	0.0	0.10924453398103007	0.15747690766916678	0.10924453398103007	0.0
0.0	0.03908248749707187	0.12975025868764856	0.03908248749707187	0.0	0.08114629436579696	0.12975025868764856	0.08114629436579696	0.0
0.0	0.04504634427241803	0.14529335582863878	0.04504634427241803	0.0	0.0710898292333843	0.14529335582863878	0.0710898292333843	0.0
0.0	0.036212372942056884	0.18111953370728878	0.036212372942056884	0.0	0.11197555907368036	0.18111953370728878	0.11197555907368036	0.0
0.0	0.06180898092794617	0.11600323316036622	0.06180898092794617	0.0	0.09990260545516673	0.11600323316036622	0.09990260545516673	0.0
0.0	0.05980622682472467	0.1423961229623199	0.05980622682472467	0.0	0.07648802304862595	0.1423961229623199	0.07648802304862595	0.0
0.0	0.06528670350042565	0.18240372968273064	0.06528670350042565	0.0	0.12856024662206844	0.18240372968273064	0.12856024662206844	0.0
0.0	0.05347629537572231	0.19449433703657154	0.05347629537572231	0.0	0.11999862007093338	0.19449433703657154	0.11999862007093338	0.0
0.0	0.05420470541501283	0.14977914074028398	0.05420470541501283	0.0	0.09738822237181956	0.14977914074028398	0.09738822237181956	0.0
0.0	0.050541034566497715	0.17582381308895348	0.050541034566497715	0.0	0.12715806763839405	0.17582381308895348	0.12715806763839405	0.0
0.0	0.05380032596853271	0.12212883998841342	0.05380032596853271	0.0	0.1185422269723928	0.12212883998841342	0.1185422269723928	0.0
0.0	0.04094921522193705	0.15936162705322418	0.04094921522193705	0.0	0.11744430620554135	0.15936162705322418	0.11744430620554135	0.0
0.0	0.055643588040959514	0.1579842896728049	0.055643588040959514	0.0	0.11667635898810512	0.1579842896728049	0.11667635898810512	0.0
0.0	0.041525907496362244	0.1463388083497133	0.041525907496362244	0.0	0.08309829628818637	0.1463388083497133	0.08309829628818637	0.0
0.0	0.04861088336779607	0.16021409794275032	0.04861088336779607	0.0	0.11944658230555101	0.16021409794275032	0.11944658230555101	0.0
0.0	0.058327148607692315	0.14335659938879014	0.058327148607692315	0.0	0.09973255021224978	0.14335659938879014	0.09973255021224978	0.0
0.0	0.051839095152978555	0.13804941282943567	0.051839095152978555	0.0	0.11184467373103284	0.13804941282943567	0.11184467373103284	0.0
0.0	0.031653476749203865	0.1373704686170234	0.031653476749203865	0.0	0.09813504366540321	0.1373704686170234	0.09813504366540321	0.0
0.0	0.04498741656118993	0.15213146815980988	0.04498741656118993	0.0	0.0951043941046681	0.15213146815980988	0.0951043941046681	0.0
0.0	0.03962097974166506	0.12389074521650574	0.03962097974166506	0.0	0.06481040301752901	0.12389074521650574	0.06481040301752901	0.0
0.0	0.04123497365233693	0.13656540326076655	0.04123497365233693	0.0	0.07809934788623073	0.13656540326076655	0.07809934788623073	0.0
0.0	0.07898351513803573	0.16699713787413706	0.07898351513803573	0.0	0.15634088429686865	0.16699713787413706	0.15634088429686865	0.0
0.0	0.04550015375916026	0.17034266528410758	0.04550015375916026	0.0	0.11063742453339757	0.17034266528410758	0.11063742453339757	0.0
0.0	0.06062539859576941	0.1782083191873748	0.06062539859576941	0.0	0.13295399388287996	0.1782083191873748	0.13295399388287996	0.0
0.0	0.047565293097104756	0.14277377612752815	0.047565293097104756	0.0	0.11480638091328678	0.14277377612752815	0.11480638091328678	0.0
0.0	0.05809812130222499	0.166080624798461	0.05809812130222499	0.0	0.0899914205459119	0.166080624798461	0.0899914205459119	0.0
0.0	0.05151601349014012	0.17031762889103724	0.05151601349014012	0.0	0.12985898879404031	0.17031762889103724	0.12985898879404031	0.0
0.0	0.0435107086170883	0.1982423445696675	0.0435107086170883	0.0	0.13042194292181855	0.1982423445696675	0.13042194292181855	0.0
0.0	0.0460646753764994	0.1790947355890787	0.0460646753764994	0.0	0.11804132444003658	0.1790947355890787	0.11804132444003658	0.0
0.0	0.05599253245179355	0.15217808592211907	0.05599253245179355	0.0	0.09644617618185371	0.15217808592211907	0.09644617618185371	0.0
0.0	0.046798816824664885	0.177177626602503	0.046798816824664885	0.0	0.10724271764836345	0.177177626602503	0.10724271764836345	0.0
0.0	0.0280579444061668	0.17786914001933718	0.0280579444061668	0.0	0.12984128304608386	0.17786914001933718	0.12984128304608386	0.0
0.0	0.03129804971922075	0.18760294944886596	0.03129804971922075	0.0	0.12970575836762516	0.18760294944886596	0.12970575836762516	0.0
0.0	0.05104093583374369	0.17907629075195397	0.05104093583374369	0.0	0.11920400439495386	0.17907629075195397	0.11920400439495386	0.0
0.0	0.04327950156662047	0.1265660522481786	0.04327950156662047	0.0	0.07188129989504519	0.1265660522481786	0.07188129989504519	0.0
0.0	0.04017852253565744	0.17221739023051447	0.04017852253565744	0.0	0.109512377918696	0.17221739023051447	0.109512377918696	0.0
0.0	0.04926667495705747	0.15556040429646692	0.04926667495705747	0.0	0.13074101074698763	0.15556040429646692	0.13074101074698763	0.0
0.0	0.06620358604429677	0.21113955555162017	0.06620358604429677	0.0	0.14011318349490945	0.21113955555162017	0.14011318349490945	0.0
0.0	0.04069946562787554	0.1613199522389856	0.04069946562787554	0.0	0.11823956494327846	0.1613199522389856	0.11823956494327846	0.0
0.0	0.048686838265916015	0.13530331657209138	0.048686838265916015	0.0	0.08396576899606881	0.13530331657209138	0.08396576899606881	0.0
0.0	0.04707849442205059	0.14239986454414622	0.04707849442205059	0.0	0.09008663230603128	0.14239986454414622	0.09008663230603128	0.0
0.0	0.06143223370038833	0.1436409284794798	0.06143223370038833	0.0	0.1048649843260726	0.1436409284794798	0.1048649843260726	0.0
0.0	0.03599955312273465	0.14617650793239614	0.03599955312273465	0.0	0.08685218781697329	0.14617650793239614	0.08685218781697329	0.0
0.0	0.07759418634915113	0.1553742435186567	0.07759418634915113	0.0	0.16051907463382067	0.1553742435186567	0.16051907463382067	0.0
0.0	0.03260857375195727	0.17882094265180215	0.03260857375195727	0.0	0.12073371149855304	0.17882094265180215	0.12073371149855304	0.0
0.0	0.07723800955441172	0.17690009581421148	0.07723800955441172	0.0	0.0872414290174864	0.17690009581421148	0.0872414290174864	0.0
0.0	0.04929727980614866	0.1413050534093285	0.04929727980614866	0.0	0.11008868282652877	0.1413050534093285	0.11008868282652877	0.0
0.0	0.06476081022043041	0.15094346026306452	0.06476081022043041	0.0	0.10359313791692228	0.15094346026306452	0.10359313791692228	0.0
0.0	0.05556504291249028	0.15754749841210583	0.05556504291249028	0.0	0.10185638386269871	0.15754749841210583	0.10185638386269871	0.0
0.0	0.03701762178013882	0.14624831987374995	0.03701762178013882	0.0	0.1040354887358536	0.14624831987374995	0.1040354887358536	0.0
0.0	0.04715178545901793	0.18490842220820877	0.04715178545901793	0.0	0.13388897463587437	0.18490842220820877	0.13388897463587437	0.0
0.0	0.040789658500319466	0.15163008006457254	0.040789658500319466	0.0	0.08067894504187557	0.15163008006457254	0.08067894504187557	0.0
0.0	0.03867023475885639	0.13042690319489708	0.03867023475885639	0.0	0.06926640004762047	0.13042690319489708	0.06926640004762047	0.0
0.0	0.05081086416390118	0.17438062454924685	0.05081086416390118	0.0	0.11136043168529161	0.17438062454924685	0.11136043168529161	0.0
0.0	0.04143642257899959	0.1415230684079228	0.04143642257899959	0.0	0.08337153200335964	0.1415230684079228	0.08337153200335964	0.0
0.0	0.041936804435530425	0.17381665996332082	0.041936804435530425	0.0	0.12876199538012084	0.17381665996332082	0.12876199538012084	0.0
0.0	0.054624422687435316	0.15779614822537247	0.054624422687435316	0.0	0.07576717229125352	0.15779614822537247	0.07576717229125352	0.0
0.0	0.05425965833700823	0.1536913131002596	0.05425965833700823	0.0	0.09443000034046954	0.1536913131002596	0.09443000034046954	0.0
0.0	0.03865535463692214	0.14684800685904706	0.03865535463692214	0.0	0.10174382844304315	0.14684800685904706	0.10174382844304315	0.0
0.0	0.06391777652999502	0.14956206718420778	0.06391777652999502	0.0	0.09550042153425915	0.14956206718420778	0.09550042153425915	0.0
0.0	0.0372427833765155	0.1585393708363539	0.0372427833765155	0.0	0.09566681083342983	0.1585393708363539	0.09566681083342983	0.0
0.0	0.061321593274737886	0.14766135596495653	0.061321593274737886	0.0	0.12247039579768679	0.14766135596495653	0.12247039579768679	0.0
0.0	0.050013801363805385	0.15680926844510495	0.050013801363805385	0.0	0.1032118732526694	0.15680926844510495	0.1032118732526694	0.0
0.0	0.056890058903487	0.1570967585542452	0.056890058903487	0.0	0.12535561559507719	0.1570967585542452	0.12535561559507719	0.0
0.0	0.06110328002001275	0.1659568405124385	0.06110328002001275	0.0	0.11717403164199955	0.1659568405124385	0.11717403164199955	0.0
0.0	0.06876720838246714	0.1961702038548962	0.06876720838246714	0.0	0.13456601957311456	0.1961702038548962	0.13456601957311456	0.0
0.0	0.0463946255175379	0.15338304001797023	0.0463946255175379	0.0	0.09934638942118416	0.15338304001797023	0.09934638942118416	0.0
0.0	0.03197671431251868	0.13502581918772194	0.03197671431251868	0.0	0.10822507283849872	0.13502581918772194	0.10822507283849872	0.0
0.0	0.051455532161549467	0.16709800264705812	0.051455532161549467	0.0	0.13209719127219094	0.16709800264705812	0.13209719127219094	0.0
0.0	0.07182581101707515	0.14027452605482027	0.07182581101707515	0.0	0.08986112382159571	0.14027452605482027	0.08986112382159571	0.0
0.0	0.040597801718724624	0.12085200625082818	0.040597801718724624	0.0	0.06823270900896625	0.12085200625082818	0.06823270900896625	0.0
0.0	0.0659263320396731	0.17861675055432574	0.0659263320396731	0.0	0.13083837654095234	0.17861675055432574	0.13083837654095234	0.0
0.0	0.03590258705109443	0.17805542476021496	0.03590258705109443	0.0	0.12518298485926496	0.17805542476021496	0.12518298485926496	0.0
0.0	0.043523338227215276	0.18088534345262144	0.043523338227215276	0.0	0.12217027369010099	0.18088534345262144	0.12217027369010099	0.0
0.0	0.10455113389991814	0.14710267266024527	0.10455113389991814	0.0	0.11358730787362058	0.14710267266024527	0.11358730787362058	0.0
0.0	0.041872542396911745	0.15505561822996966	0.041872542396911745	0.0	0.09831943414304263	0.15505561822996966	0.09831943414304263	0.0
0.0	0.0522970881891935	0.1635819820063506	0.0522970881891935	0.0	0.1032589823098363	0.1635819820063506	0.1032589823098363	0.0
0.0	0.034287695989519	0.18650054876424638	0.034287695989519	0.0	0.12675903069305838	0.18650054876424638	0.12675903069305838	0.0
0.0	0.05294610235860152	0.14095430962270422	0.05294610235860152	0.0	0.058817387066898826	0.14095430962270422	0.058817387066898826	0.0
0.0	0.0732096914098107	0.14714436102114598	0.0732096914098107	0.0	0.08498825019165454	0.14714436102114598	0.08498825019165454	0.0
0.0	0.04271522445909173	0.16576941961612698	0.04271522445909173	0.0	0.11772362385307056	0.16576941961612698	0.11772362385307056	0.0
0.0	0.04503250439676538	0.1724710640113975	0.04503250439676538	0.0	0.09757374506131816	0.1724710640113975	0.09757374506131816	0.0
0.0	0.03828556972789405	0.15542411439859596	0.03828556972789405	0.0	0.09057890813803286	0.15542411439859596	0.09057890813803286	0.0
0.0	0.041176344916819194	0.1639089395412933	0.041176344916819194	0.0	0.10649949609674678	0.1639089395412933	0.10649949609674678	0.0
0.0	0.045712285851025346	0.1481143454652601	0.045712285851025346	0.0	0.10006537248089171	0.1481143454652601	0.10006537248089171	0.0
0.0	0.04369462071640431	0.16835547636103126	0.04369462071640431	0.0	0.12604568537014213	0.16835547636103126	0.12604568537014213	0.0
0.0	0.062118828576898995	0.15114575217360024	0.062118828576898995	0.0	0.09267722909666137	0.15114575217360024	0.09267722909666137	0.0
0.0	0.04217289111983856	0.17308422651255187	0.04217289111983856	0.0	0.13692054923119396	0.17308422651255187	0.13692054923119396	0.0
0.0	0.054509010485389225	0.12460135856518431	0.054509010485389225	0.0	0.11375573550845518	0.12460135856518431	0.11375573550845518	0.0
0.0	0.06494834209693368	0.20316447706256238	0.06494834209693368	0.0	0.12466626409240598	0.20316447706256238	0.12466626409240598	0.0
0.0	0.059221604355459714	0.17797923947586108	0.059221604355459714	0.0	0.12229201944598576	0.17797923947586108	0.12229201944598576	0.0
0.0	0.05752168322284417	0.16394562149652672	0.05752168322284417	0.0	0.09028028382278586	0.16394562149652672	0.09028028382278586	0.0
0.0	0.051204903977032375	0.1495040953474834	0.051204903977032375	0.0	0.13763973845166602	0.1495040953474834	0.13763973845166602	0.0
0.0	0.05550443269949519	0.1907893452534175	0.05550443269949519	0.0	0.14597264437674906	0.1907893452534175	0.14597264437674906	0.0
0.0	0.03186378695407319	0.15329545791595758	0.03186378695407319	0.0	0.0958141552965395	0.15329545791595758	0.0958141552965395	0.0
0.0	0.045277941544483426	0.1309502258730861	0.045277941544483426	0.0	0.08819571530313261	0.1309502258730861	0.08819571530313261	0.0
0.0	0.04537769632345189	0.14358620287578372	0.04537769632345189	0.0	0.08570843684113037	0.14358620287578372	0.08570843684113037	0.0
0.0	0.030618509259117414	0.1533076757144695	0.030618509259117414	0.0	0.1094493826727892	0.1533076757144695	0.1094493826727892	0.0
0.0	0.05317448886514958	0.14282765530600888	0.05317448886514958	0.0	0.11060620944289304	0.14282765530600888	0.11060620944289304	0.0
0.0	0.05450144617672096	0.12701976183304345	0.05450144617672096	0.0	0.07162781239219482	0.12701976183304345	0.07162781239219482	0.0
0.0	0.032642837345420124	0.14458043093120407	0.032642837345420124	0.0	0.1050094620492224	0.14458043093120407	0.1050094620492224	0.0
0.0	0.05010800552558946	0.16013794936204093	0.05010800552558946	0.0	0.09279508466671696	0.16013794936204093	0.09279508466671696	0.0
0.0	0.05023273672853684	0.1631636653425741	0.05023273672853684	0.0	0.10220961481027017	0.1631636653425741	0.10220961481027017	0.0
0.0	0.05053900439058376	0.15616508305090784	0.05053900439058376	0.0	0.09807694690527821	0.15616508305090784	0.09807694690527821	0.0
0.0	0.03204016627450394	0.13431324503424294	0.03204016627450394	0.0	0.10343615669510145	0.13431324503424294	0.10343615669510145	0.0
0.0	0.06311015946729281	0.18154730204941844	0.06311015946729281	0.0	0.10888182521066367	0.18154730204941844	0.10888182521066367	0.0
0.0	0.03829172503808537	0.15644453401693303	0.03829172503808537	0.0	0.07268153533201317	0.15644453401693303	0.07268153533201317	0.0
0.0	0.07319613550511919	0.15617765580308063	0.07319613550511919	0.0	0.11013467751105503	0.15617765580308063	0.11013467751105503	0.0
0.0	0.06439783471329745	0.15878209674234495	0.06439783471329745	0.0	0.09381136513467896	0.15878209674234495	0.09381136513467896	0.0
0.0	0.030615213995253895	0.14562598507352106	0.030615213995253895	0.0	0.08332700987013741	0.14562598507352106	0.08332700987013741	0.0
0.0	0.054109585278514	0.1858298544805822	0.054109585278514	0.0	0.14671938448372807	0.1858298544805822	0.14671938448372807	0.0
0.0	0.0494275981966425	0.17716703050123533	0.0494275981966425	0.0	0.12438334998974215	0.17716703050123533	0.12438334998974215	0.0
0.0	0.04514370083217878	0.12487798717397275	0.04514370083217878	0.0	0.06507435781871103	0.12487798717397275	0.06507435781871103	0.0
0.0	0.0693662903945195	0.15625208991560788	0.0693662903945195	0.0	0.10794362472565414	0.15625208991560788	0.10794362472565414	0.0
0.0	0.03790606642602044	0.16702058548835108	0.03790606642602044	0.0	0.10951850566933888	0.16702058548835108	0.10951850566933888	0.0
0.0	0.04390059449422	0.12117680444930386	0.04390059449422	0.0	0.08042326256442811	0.12117680444930386	0.08042326256442811	0.0
0.0	0.038289912159356905	0.1513493059679987	0.038289912159356905	0.0	0.10731873214513866	0.1513493059679987	0.10731873214513866	0.0
0.0	0.07028156954920067	0.13866853197535522	0.07028156954920067	0.0	0.10373633410000946	0.13866853197535522	0.10373633410000946	0.0
0.0	0.038827019998741094	0.16763219899381376	0.038827019998741094	0.0	0.11119519569453856	0.16763219899381376	0.11119519569453856	0.0
0.0	0.055384396382693137	0.13392409497889943	0.055384396382693137	0.0	0.08756108370685109	0.13392409497889943	0.08756108370685109	0.0
0.0	0.06916525726571865	0.16366080275563472	0.06916525726571865	0.0	0.09277592250964999	0.16366080275563472	0.09277592250964999	0.0
0.0	0.048467873609625	0.19160956083592617	0.048467873609625	0.0	0.12863820504815535	0.19160956083592617	0.12863820504815535	0.0
0.0	0.0312681476785251	0.15314651313306216	0.0312681476785251	0.0	0.09593031215758752	0.15314651313306216	0.09593031215758752	0.0
0.0	0.06398445806408423	0.13277069393119506	0.06398445806408423	0.0	0.09057680777059895	0.13277069393119506	0.09057680777059895	0.0
0.0	0.04673480726477343	0.1618340211855708	0.04673480726477343	0.0	0.11539987761674415	0.1618340211855708	0.11539987761674415	0.0
0.0	0.06208588051830257	0.14658847078549692	0.06208588051830257	0.0	0.08810730933717408	0.14658847078549692	0.08810730933717408	0.0
0.0	0.04908744675835643	0.1424084057921512	0.04908744675835643	0.0	0.07362960279938509	0.1424084057921512	0.07362960279938509	0.0
0.0	0.05473369134001131	0.15369735497786446	0.05473369134001131	0.0	0.1116175107669315	0.15369735497786446	0.1116175107669315	0.0
0.0	0.04712031712234466	0.18900743024897443	0.04712031712234466	0.0	0.14400793338842208	0.18900743024897443	0.14400793338842208	0.0
0.0	0.048726956281497404	0.14850146553775673	0.048726956281497404	0.0	0.10457913874434828	0.14850146553775673	0.10457913874434828	0.0
0.0	0.0283325610530107	0.14496175182857338	0.0283325610530107	0.0	0.08642693408032769	0.14496175182857338	0.08642693408032769	0.0
0.0	0.053639589764455334	0.15954493493223978	0.053639589764455334	0.0	0.10141539781242806	0.15954493493223978	0.10141539781242806	0.0
0.0	0.07463123566255034	0.1649580569447302	0.07463123566255034	0.0	0.1344955335923802	0.1649580569447302	0.1344955335923802	0.0
0.0	0.0403265393448721	0.1443281107432283	0.0403265393448721	0.0	0.07120286496722858	0.1443281107432283	0.07120286496722858	0.0
0.0	0.062064810409683806	0.1681970507334318	0.062064810409683806	0.0	0.13080281522114592	0.1681970507334318	0.13080281522114592	0.0
0.0	0.04096041014910342	0.14675307824942668	0.04096041014910342	0.0	0.09804563429598036	0.14675307824942668	0.09804563429598036	0.0
0.0	0.059718926577836014	0.158588776470546	0.059718926577836014	0.0	0.1484846836061703	0.158588776470546	0.1484846836061703	0.0
0.0	0.06899558550667974	0.13251999895600536	0.06899558550667974	0.0	0.11747816052078755	0.13251999895600536	0.11747816052078755	0.0
