population in sample
0	0	1

generation in sample
0.0	1000.0	1000.0

expected_linearlized_fst_array
0.0	0.025	0.07495	0.025	0.0	0.04995	0.07495	0.04995	0.0	

mean_linearlized_fst_array
0.0	0.0334325417317197	0.6623658723375287	0.0334325417317197	0.0	0.6088750386729278	0.6623658723375287	0.6088750386729278	0.0

median_linearlized_fst_array
0.0	0.032664158272987354	0.6446435589353527	0.032664158272987354	0.0	0.5914733523875297	0.6446435589353527	0.5914733523875297	0.0

std_linearlized_fst_array
0.0	0.012719050259082723	0.135558353473539	0.012719050259082723	0.0	0.1350097248949767	0.135558353473539	0.1350097248949767	0.0

linearlized_fst_array
0.0	0.017541921114864956	0.7346669076423985	0.017541921114864956	0.0	0.6329494752050266	0.7346669076423985	0.6329494752050266	0.0
0.0	0.04640893179130521	0.7770771299586761	0.04640893179130521	0.0	0.7419056666752312	0.7770771299586761	0.7419056666752312	0.0
0.0	0.020599517308096667	0.6751262643433039	0.020599517308096667	0.0	0.5492327602144508	0.6751262643433039	0.5492327602144508	0.0
0.0	0.03090057676334725	0.589761983078323	0.03090057676334725	0.0	0.6670978510327539	0.589761983078323	0.6670978510327539	0.0
0.0	0.03299595375705412	0.6603492951782273	0.03299595375705412	0.0	0.5869780328517685	0.6603492951782273	0.5869780328517685	0.0
0.0	0.02639638556109143	0.4984441190309704	0.02639638556109143	0.0	0.37506124986287154	0.4984441190309704	0.37506124986287154	0.0
0.0	0.058279092516636335	0.7839243602926561	0.058279092516636335	0.0	0.7687592022486867	0.7839243602926561	0.7687592022486867	0.0
0.0	0.054168242820678815	0.932599923147195	0.054168242820678815	0.0	0.837559429477021	0.932599923147195	0.837559429477021	0.0
0.0	0.052991195500422944	0.8036496173475528	0.052991195500422944	0.0	0.738072093965158	0.8036496173475528	0.738072093965158	0.0
0.0	0.04504020263981452	0.8955490922668342	0.04504020263981452	0.0	0.7469229748263344	0.8955490922668342	0.7469229748263344	0.0
0.0	0.031393840290720655	0.7122147669800784	0.031393840290720655	0.0	0.6456511150172615	0.7122147669800784	0.6456511150172615	0.0
0.0	0.03628266734339715	0.6965483618913272	0.03628266734339715	0.0	0.6266439522998286	0.6965483618913272	0.6266439522998286	0.0
0.0	0.04282966178813114	0.5150398800032965	0.04282966178813114	0.0	0.467465623338147	0.5150398800032965	0.467465623338147	0.0
0.0	0.03831885475866452	0.6653667064787236	0.03831885475866452	0.0	0.5592147681915891	0.6653667064787236	0.5592147681915891	0.0
0.0	0.04490842370825207	0.488862183959365	0.04490842370825207	0.0	0.3973196546617169	0.488862183959365	0.3973196546617169	0.0
0.0	0.04753250732029444	0.644763624789654	0.04753250732029444	0.0	0.5964390373856633	0.644763624789654	0.5964390373856633	0.0
0.0	0.028666166946271564	0.596416045420777	0.028666166946271564	0.0	0.5423138083516794	0.596416045420777	0.5423138083516794	0.0
0.0	0.04232363726883575	0.4520826045998037	0.04232363726883575	0.0	0.3730085751555803	0.4520826045998037	0.3730085751555803	0.0
0.0	0.04314240052999717	0.6599189559551635	0.04314240052999717	0.0	0.6711198039167177	0.6599189559551635	0.6711198039167177	0.0
0.0	0.03385749989754421	0.7579155035993663	0.03385749989754421	0.0	0.7421668362156436	0.7579155035993663	0.7421668362156436	0.0
0.0	0.06969221589239039	0.6062426990094992	0.06969221589239039	0.0	0.538179594055824	0.6062426990094992	0.538179594055824	0.0
0.0	0.055338423718817045	0.6456960697850556	0.055338423718817045	0.0	0.6425479063165201	0.6456960697850556	0.6425479063165201	0.0
0.0	0.025181967303548682	0.5726514044689813	0.025181967303548682	0.0	0.4882611163670673	0.5726514044689813	0.4882611163670673	0.0
0.0	0.023914905548555916	0.8506609722792938	0.023914905548555916	0.0	0.816968568769234	0.8506609722792938	0.816968568769234	0.0
0.0	0.01306062399018112	0.7201753045167943	0.01306062399018112	0.0	0.6547367007586737	0.7201753045167943	0.6547367007586737	0.0
0.0	0.048123823464324894	0.5624993922092228	0.048123823464324894	0.0	0.510365771359159	0.5624993922092228	0.510365771359159	0.0
0.0	0.03473757099658931	0.764101636311609	0.03473757099658931	0.0	0.6819569015724917	0.764101636311609	0.6819569015724917	0.0
0.0	0.027975072527284425	0.7642210738985518	0.027975072527284425	0.0	0.5823953699304526	0.7642210738985518	0.5823953699304526	0.0
0.0	0.029341846637409994	0.5586851415318754	0.029341846637409994	0.0	0.5506664731855969	0.5586851415318754	0.5506664731855969	0.0
0.0	0.013021491833691655	0.8521678472767209	0.013021491833691655	0.0	0.8300657174151103	0.8521678472767209	0.8300657174151103	0.0
0.0	0.02016410777269996	0.4868339870636536	0.02016410777269996	0.0	0.5154366716053371	0.4868339870636536	0.5154366716053371	0.0
0.0	0.024843718359481543	0.5333449688335911	0.024843718359481543	0.0	0.5590214067278343	0.5333449688335911	0.5590214067278343	0.0
0.0	0.050081432580698214	0.5691236167811303	0.050081432580698214	0.0	0.5403958342336146	0.5691236167811303	0.5403958342336146	0.0
0.0	0.04237281216233537	0.7260901072047585	0.04237281216233537	0.0	0.6674650270999744	0.7260901072047585	0.6674650270999744	0.0
0.0	0.04091086597983676	0.6153366512623745	0.04091086597983676	0.0	0.5569106860347978	0.6153366512623745	0.5569106860347978	0.0
0.0	0.05670260014115334	0.524665039182019	0.05670260014115334	0.0	0.46760013314102405	0.524665039182019	0.46760013314102405	0.0
0.0	0.039014388443304106	0.7683123419521993	0.039014388443304106	0.0	0.6613973799126709	0.7683123419521993	0.6613973799126709	0.0
0.0	0.008874763611024083	0.6820348166357181	0.008874763611024083	0.0	0.5301278751312605	0.6820348166357181	0.5301278751312605	0.0
0.0	0.04243735351474807	0.5881498945495465	0.04243735351474807	0.0	0.6184161157763008	0.5881498945495465	0.6184161157763008	0.0
0.0	0.026053517602261766	0.7958046941327006	0.026053517602261766	0.0	0.661946667257766	0.7958046941327006	0.661946667257766	0.0
0.0	0.05484258723519629	0.8781020147933158	0.05484258723519629	0.0	0.7615901083560358	0.8781020147933158	0.7615901083560358	0.0
0.0	0.059134870766572305	0.7559062730607132	0.059134870766572305	0.0	0.6881711816169507	0.7559062730607132	0.6881711816169507	0.0
0.0	0.025545577611357624	0.6430745406066325	0.025545577611357624	0.0	0.5803548068758168	0.6430745406066325	0.5803548068758168	0.0
0.0	0.02518705367997541	0.9163742229620543	0.02518705367997541	0.0	0.7912443119409767	0.9163742229620543	0.7912443119409767	0.0
0.0	0.026354398477715694	0.8998021588283576	0.026354398477715694	0.0	0.8315032477574942	0.8998021588283576	0.8315032477574942	0.0
0.0	0.027461488716948403	0.6891754298131256	0.027461488716948403	0.0	0.564794464794466	0.6891754298131256	0.564794464794466	0.0
0.0	0.03113507693320286	0.6168573307974886	0.03113507693320286	0.0	0.6213903027055894	0.6168573307974886	0.6213903027055894	0.0
0.0	0.051260268465490574	0.4453935397522657	0.051260268465490574	0.0	0.37660453440336034	0.4453935397522657	0.37660453440336034	0.0
0.0	0.034307355298850435	0.7517873112082496	0.034307355298850435	0.0	0.742470757055264	0.7517873112082496	0.742470757055264	0.0
0.0	0.017325649544382163	0.7749697321340208	0.017325649544382163	0.0	0.7369789050728154	0.7749697321340208	0.7369789050728154	0.0
0.0	0.03440611785462452	0.6112146987769855	0.03440611785462452	0.0	0.5909065820339419	0.6112146987769855	0.5909065820339419	0.0
0.0	0.030686778168844416	0.7548047055843994	0.030686778168844416	0.0	0.7271585860537115	0.7548047055843994	0.7271585860537115	0.0
0.0	0.02112115480045511	0.527794365865023	0.02112115480045511	0.0	0.4471164309031599	0.527794365865023	0.4471164309031599	0.0
0.0	0.02194296890625489	0.524348436142012	0.02194296890625489	0.0	0.43390450637234873	0.524348436142012	0.43390450637234873	0.0
0.0	0.046335029149017326	0.6816833230705471	0.046335029149017326	0.0	0.5875062190292282	0.6816833230705471	0.5875062190292282	0.0
0.0	0.01574775872575423	0.7990704026147885	0.01574775872575423	0.0	0.800447293872056	0.7990704026147885	0.800447293872056	0.0
0.0	0.04571517139438037	0.9613549214669531	0.04571517139438037	0.0	0.9377568493150453	0.9613549214669531	0.9377568493150453	0.0
0.0	0.02521666640706943	0.40898482850298334	0.02521666640706943	0.0	0.37077361984683577	0.40898482850298334	0.37077361984683577	0.0
0.0	0.017094519642679273	0.6567892695060796	0.017094519642679273	0.0	0.5916031477895363	0.6567892695060796	0.5916031477895363	0.0
0.0	0.02542601705328135	0.549058010865253	0.02542601705328135	0.0	0.4821559955359005	0.549058010865253	0.4821559955359005	0.0
0.0	0.03758241177411633	0.7392585531616691	0.03758241177411633	0.0	0.5739026727717957	0.7392585531616691	0.5739026727717957	0.0
0.0	0.02064880547748064	0.5784889190727627	0.02064880547748064	0.0	0.567291696038345	0.5784889190727627	0.567291696038345	0.0
0.0	0.022555897307510342	0.7326581198540263	0.022555897307510342	0.0	0.656975096173312	0.7326581198540263	0.656975096173312	0.0
0.0	0.03403668079789658	0.8468702770118232	0.03403668079789658	0.0	0.7655230769230695	0.8468702770118232	0.7655230769230695	0.0
0.0	0.03158331005987162	0.5175859152303443	0.03158331005987162	0.0	0.5402407293803994	0.5175859152303443	0.5402407293803994	0.0
0.0	0.04901822906586997	0.6328438019507536	0.04901822906586997	0.0	0.5966587734353024	0.6328438019507536	0.5966587734353024	0.0
0.0	0.039979101170536595	0.9337698615859577	0.039979101170536595	0.0	0.8312362516497958	0.9337698615859577	0.8312362516497958	0.0
0.0	0.03382251641606384	0.5821857087154303	0.03382251641606384	0.0	0.4300436464431173	0.5821857087154303	0.4300436464431173	0.0
0.0	0.029382199637784615	0.7214629080291798	0.029382199637784615	0.0	0.5650742461071817	0.7214629080291798	0.5650742461071817	0.0
0.0	0.016732767921849016	0.7261374930625377	0.016732767921849016	0.0	0.728437483631029	0.7261374930625377	0.728437483631029	0.0
0.0	0.029604433541876786	0.7435650077532722	0.029604433541876786	0.0	0.6222388849682399	0.7435650077532722	0.6222388849682399	0.0
0.0	0.01909347202484742	0.6710113977489875	0.01909347202484742	0.0	0.5636403547282539	0.6710113977489875	0.5636403547282539	0.0
0.0	0.015866836118218597	0.5720788580092278	0.015866836118218597	0.0	0.5048995189839688	0.5720788580092278	0.5048995189839688	0.0
0.0	0.02626900536248003	0.6458461416750544	0.02626900536248003	0.0	0.6101559246749515	0.6458461416750544	0.6101559246749515	0.0
0.0	0.028584495637924992	0.6206096251430493	0.028584495637924992	0.0	0.49671120022666304	0.6206096251430493	0.49671120022666304	0.0
0.0	0.02027563784812976	0.7442220423437825	0.02027563784812976	0.0	0.6553268940412325	0.7442220423437825	0.6553268940412325	0.0
0.0	0.07609315988973189	0.4935098653198795	0.07609315988973189	0.0	0.4025161754133731	0.4935098653198795	0.4025161754133731	0.0
0.0	0.0423964539357301	0.6254507001863818	0.0423964539357301	0.0	0.5353104359312956	0.6254507001863818	0.5353104359312956	0.0
0.0	0.043938867826433685	0.6520088624309607	0.043938867826433685	0.0	0.6107186024766921	0.6520088624309607	0.6107186024766921	0.0
0.0	0.06373197998102687	0.5595180476087692	0.06373197998102687	0.0	0.5753382261915349	0.5595180476087692	0.5753382261915349	0.0
0.0	0.03549310598519463	0.6999301017978083	0.03549310598519463	0.0	0.6633245273672749	0.6999301017978083	0.6633245273672749	0.0
0.0	0.038680573340080966	0.7868857253060937	0.038680573340080966	0.0	0.7143862978128593	0.7868857253060937	0.7143862978128593	0.0
0.0	0.05761245424424151	0.6727807444877827	0.05761245424424151	0.0	0.602971036130197	0.6727807444877827	0.602971036130197	0.0
0.0	0.047640343426634195	0.6287015363731324	0.047640343426634195	0.0	0.5991890545009659	0.6287015363731324	0.5991890545009659	0.0
0.0	0.016170729169816656	0.918545511879298	0.016170729169816656	0.0	0.8089041095890336	0.918545511879298	0.8089041095890336	0.0
0.0	0.03509351796493723	0.5954478793360304	0.03509351796493723	0.0	0.5042281839506374	0.5954478793360304	0.5042281839506374	0.0
0.0	0.04465938806689426	0.5774013812727121	0.04465938806689426	0.0	0.4914735320879905	0.5774013812727121	0.4914735320879905	0.0
0.0	0.030923481910590512	0.5371804721329603	0.030923481910590512	0.0	0.5028267403135388	0.5371804721329603	0.5028267403135388	0.0
0.0	0.036862253045055526	0.6316811456135616	0.036862253045055526	0.0	0.631760987536525	0.6316811456135616	0.631760987536525	0.0
0.0	0.016807436945621892	0.47890570938447014	0.016807436945621892	0.0	0.4093087704961717	0.47890570938447014	0.4093087704961717	0.0
0.0	0.02147380636899444	0.7401220226634255	0.02147380636899444	0.0	0.6218213132400321	0.7401220226634255	0.6218213132400321	0.0
0.0	0.03190660686968354	0.5320113031644997	0.03190660686968354	0.0	0.44234234234235187	0.5320113031644997	0.44234234234235187	0.0
0.0	0.03128796944514112	0.659178983638712	0.03128796944514112	0.0	0.6281513891927252	0.659178983638712	0.6281513891927252	0.0
0.0	0.02601987237040237	1.1156215022592213	0.02601987237040237	0.0	1.052406232252631	1.1156215022592213	1.052406232252631	0.0
0.0	0.026547021613054625	0.4567821702081617	0.026547021613054625	0.0	0.39910019455253243	0.4567821702081617	0.39910019455253243	0.0
0.0	0.023838418974761567	0.6931216871269962	0.023838418974761567	0.0	0.5633593749999997	0.6931216871269962	0.5633593749999997	0.0
0.0	0.033860726822200767	0.6184229490372385	0.033860726822200767	0.0	0.519186747625189	0.6184229490372385	0.519186747625189	0.0
0.0	0.034616571630106584	0.9014280694927772	0.034616571630106584	0.0	0.9261831463605518	0.9014280694927772	0.9261831463605518	0.0
0.0	0.017763314819213907	0.7638328500895271	0.017763314819213907	0.0	0.6279801038062285	0.7638328500895271	0.6279801038062285	0.0
0.0	0.03306856085964695	0.525804700481995	0.03306856085964695	0.0	0.4752467714485983	0.525804700481995	0.4752467714485983	0.0
0.0	0.022963474674537125	0.5109390298764119	0.022963474674537125	0.0	0.49910503807239376	0.5109390298764119	0.49910503807239376	0.0
0.0	0.016803055115466273	0.582022717509765	0.016803055115466273	0.0	0.524393997691415	0.582022717509765	0.524393997691415	0.0
0.0	0.008679596974603571	0.614258880845	0.008679596974603571	0.0	0.543461977620465	0.614258880845	0.543461977620465	0.0
0.0	0.04554529948430291	0.5520125548944462	0.04554529948430291	0.0	0.5082788671023967	0.5520125548944462	0.5082788671023967	0.0
0.0	0.024400847002447046	0.7164831817829205	0.024400847002447046	0.0	0.6402777777777657	0.7164831817829205	0.6402777777777657	0.0
0.0	0.02027257052784253	0.8658152180592091	0.02027257052784253	0.0	0.7793457783866988	0.8658152180592091	0.7793457783866988	0.0
0.0	0.041261258678632694	0.6418001335449721	0.041261258678632694	0.0	0.6707214730924377	0.6418001335449721	0.6707214730924377	0.0
0.0	0.03158596982742255	1.0371535656735666	0.03158596982742255	0.0	0.9294111374723318	1.0371535656735666	0.9294111374723318	0.0
0.0	0.026725926630128176	0.8278932211325494	0.026725926630128176	0.0	0.6827649515766282	0.8278932211325494	0.6827649515766282	0.0
0.0	0.028780920499952654	0.7529124331932867	0.028780920499952654	0.0	0.6132263302817078	0.7529124331932867	0.6132263302817078	0.0
0.0	0.03273834416034726	0.776848322826126	0.03273834416034726	0.0	0.6121174474998214	0.776848322826126	0.6121174474998214	0.0
0.0	0.03586301199737933	0.6834428563016607	0.03586301199737933	0.0	0.608180083275508	0.6834428563016607	0.608180083275508	0.0
0.0	0.035463257628226254	0.6884042955403158	0.035463257628226254	0.0	0.7032670721765862	0.6884042955403158	0.7032670721765862	0.0
0.0	0.038366171323627636	0.5729081387231935	0.038366171323627636	0.0	0.5465140726342245	0.5729081387231935	0.5465140726342245	0.0
0.0	0.032354297795776386	0.6772000813436247	0.032354297795776386	0.0	0.6545603607296637	0.6772000813436247	0.6545603607296637	0.0
0.0	0.052846217388394734	0.4687392434082285	0.052846217388394734	0.0	0.5010252475938006	0.4687392434082285	0.5010252475938006	0.0
0.0	0.04540459833747296	0.5535333772742023	0.04540459833747296	0.0	0.49091297674327655	0.5535333772742023	0.49091297674327655	0.0
0.0	0.030607463535551868	0.458649539322481	0.030607463535551868	0.0	0.4224973675610886	0.458649539322481	0.4224973675610886	0.0
0.0	0.04389834412876526	0.9762434021610241	0.04389834412876526	0.0	0.8859677257692596	0.9762434021610241	0.8859677257692596	0.0
0.0	0.03418581424697071	0.7469850227276982	0.03418581424697071	0.0	0.6546806771279812	0.7469850227276982	0.6546806771279812	0.0
0.0	0.037454317345141	0.9340932066479657	0.037454317345141	0.0	0.8322178321511825	0.9340932066479657	0.8322178321511825	0.0
0.0	0.027551872706808027	0.6042334041972609	0.027551872706808027	0.0	0.5790731204943284	0.6042334041972609	0.5790731204943284	0.0
0.0	0.017106738046684077	0.6151414174117169	0.017106738046684077	0.0	0.5901487105477838	0.6151414174117169	0.5901487105477838	0.0
0.0	0.03871453738523479	0.4785634305013974	0.03871453738523479	0.0	0.39965412233541936	0.4785634305013974	0.39965412233541936	0.0
0.0	0.02195660709274456	0.6396625504587793	0.02195660709274456	0.0	0.5520357158115107	0.6396625504587793	0.5520357158115107	0.0
0.0	0.04938017007034319	0.7435370536623631	0.04938017007034319	0.0	0.6458506440635423	0.7435370536623631	0.6458506440635423	0.0
0.0	0.019173691484337802	0.8416864963726913	0.019173691484337802	0.0	0.7214817304460373	0.8416864963726913	0.7214817304460373	0.0
0.0	0.04133181249290288	0.704723274742934	0.04133181249290288	0.0	0.5517281328441914	0.704723274742934	0.5517281328441914	0.0
0.0	0.03502657073329692	0.4260687477503181	0.03502657073329692	0.0	0.3984361348942924	0.4260687477503181	0.3984361348942924	0.0
0.0	0.03563355494026884	0.5241051154826226	0.03563355494026884	0.0	0.5384966209212598	0.5241051154826226	0.5384966209212598	0.0
0.0	0.03076731629967641	0.6447911063881782	0.03076731629967641	0.0	0.5451702807422907	0.6447911063881782	0.5451702807422907	0.0
0.0	0.03318562089406484	0.7744154026956047	0.03318562089406484	0.0	0.754123799936168	0.7744154026956047	0.754123799936168	0.0
0.0	0.011496059559494688	0.9272039722741892	0.011496059559494688	0.0	0.8274921301154159	0.9272039722741892	0.8274921301154159	0.0
0.0	0.04035136788493984	0.7280898449776505	0.04035136788493984	0.0	0.5902350813743048	0.7280898449776505	0.5902350813743048	0.0
0.0	0.03422159776662251	0.4171419562139658	0.03422159776662251	0.0	0.36352488984718917	0.4171419562139658	0.36352488984718917	0.0
0.0	0.032502448764513005	0.7411685795589925	0.032502448764513005	0.0	0.7702720725526692	0.7411685795589925	0.7702720725526692	0.0
0.0	0.03450955006787108	0.5555675339015398	0.03450955006787108	0.0	0.5383711686246767	0.5555675339015398	0.5383711686246767	0.0
0.0	0.04020892490284672	0.6740009678679811	0.04020892490284672	0.0	0.6176925562856805	0.6740009678679811	0.6176925562856805	0.0
0.0	0.023882410735043148	0.6844530598670481	0.023882410735043148	0.0	0.6733403055656486	0.6844530598670481	0.6733403055656486	0.0
0.0	0.057173263429952555	0.7529748655283546	0.057173263429952555	0.0	0.7252725099041253	0.7529748655283546	0.7252725099041253	0.0
0.0	0.043046059914773845	0.8688245253135572	0.043046059914773845	0.0	0.7747228735877231	0.8688245253135572	0.7747228735877231	0.0
0.0	0.05025784797390244	0.6182282070088039	0.05025784797390244	0.0	0.48540414809072346	0.6182282070088039	0.48540414809072346	0.0
0.0	0.012975391680538465	0.48803026266513283	0.012975391680538465	0.0	0.41816934494730107	0.48803026266513283	0.41816934494730107	0.0
0.0	0.038808897622953184	0.6819968570587517	0.038808897622953184	0.0	0.5299844640082845	0.6819968570587517	0.5299844640082845	0.0
0.0	0.023476081914037692	0.7649501289246788	0.023476081914037692	0.0	0.7204700658767769	0.7649501289246788	0.7204700658767769	0.0
0.0	0.036420400207885915	0.5875620647171595	0.036420400207885915	0.0	0.6050632340675023	0.5875620647171595	0.6050632340675023	0.0
0.0	0.024305337198418167	0.4090604896280575	0.024305337198418167	0.0	0.3252692534670985	0.4090604896280575	0.3252692534670985	0.0
0.0	0.015279173679181579	0.6347856133638387	0.015279173679181579	0.0	0.6282584345176545	0.6347856133638387	0.6282584345176545	0.0
0.0	0.024496977466401684	0.5478748818960221	0.024496977466401684	0.0	0.47925276401066597	0.5478748818960221	0.47925276401066597	0.0
0.0	0.041668191899349935	0.6079191764082917	0.041668191899349935	0.0	0.6264520848573507	0.6079191764082917	0.6264520848573507	0.0
0.0	0.017312009758768867	0.5805062357773098	0.017312009758768867	0.0	0.514765706351962	0.5805062357773098	0.514765706351962	0.0
0.0	0.07250568512728993	0.9168457215086557	0.07250568512728993	0.0	0.8120873444470402	0.9168457215086557	0.8120873444470402	0.0
0.0	0.0346292019502029	0.5894846227774939	0.0346292019502029	0.0	0.568001456133965	0.5894846227774939	0.568001456133965	0.0
0.0	0.024022995930479053	0.705403935760268	0.024022995930479053	0.0	0.6361768063937377	0.705403935760268	0.6361768063937377	0.0
0.0	0.021167864206768937	0.7058049532106302	0.021167864206768937	0.0	0.5864603999019002	0.7058049532106302	0.5864603999019002	0.0
0.0	0.04307850780304943	0.6367850972776309	0.04307850780304943	0.0	0.586600606047197	0.6367850972776309	0.586600606047197	0.0
0.0	0.05522337170264565	0.6055329083537097	0.05522337170264565	0.0	0.5703569110966937	0.6055329083537097	0.5703569110966937	0.0
0.0	0.017077319657858914	0.5226810410990529	0.017077319657858914	0.0	0.45677731673582195	0.5226810410990529	0.45677731673582195	0.0
0.0	0.016845483333410474	0.7511226423456565	0.016845483333410474	0.0	0.7857502698812411	0.7511226423456565	0.7857502698812411	0.0
0.0	0.055319116342005696	0.6007879479164412	0.055319116342005696	0.0	0.4999418829910789	0.6007879479164412	0.4999418829910789	0.0
0.0	0.028834572940181463	0.4220566638801575	0.028834572940181463	0.0	0.40792311998507436	0.4220566638801575	0.40792311998507436	0.0
0.0	0.016043419036894643	0.7299416348892268	0.016043419036894643	0.0	0.6571902884415878	0.7299416348892268	0.6571902884415878	0.0
0.0	0.03258997238562745	0.6821463720952178	0.03258997238562745	0.0	0.6213314633429082	0.6821463720952178	0.6213314633429082	0.0
0.0	0.02202500593933517	0.5651217181915106	0.02202500593933517	0.0	0.4622359208834241	0.5651217181915106	0.4622359208834241	0.0
0.0	0.031072861744409257	0.5599151811262809	0.031072861744409257	0.0	0.5502493987708188	0.5599151811262809	0.5502493987708188	0.0
0.0	0.0028227389083642497	0.8395676303338655	0.0028227389083642497	0.0	0.8452346465816909	0.8395676303338655	0.8452346465816909	0.0
0.0	0.03337814800388223	0.5291643958166304	0.03337814800388223	0.0	0.5519481648982386	0.5291643958166304	0.5519481648982386	0.0
0.0	0.018615064827836016	0.7059979832093004	0.018615064827836016	0.0	0.7058742314744839	0.7059979832093004	0.7058742314744839	0.0
0.0	0.02542265630815871	0.5134123176146839	0.02542265630815871	0.0	0.426146258296301	0.5134123176146839	0.426146258296301	0.0
0.0	0.050653975363924963	0.5310582011578736	0.050653975363924963	0.0	0.4449064533899195	0.5310582011578736	0.4449064533899195	0.0
0.0	0.01925706485678568	0.6136318989954067	0.01925706485678568	0.0	0.5550351510545347	0.6136318989954067	0.5550351510545347	0.0
0.0	0.03654969677651133	0.5902593013347837	0.03654969677651133	0.0	0.6011792609668999	0.5902593013347837	0.6011792609668999	0.0
0.0	0.03920857547394984	0.5509196586186519	0.03920857547394984	0.0	0.5137411620042963	0.5509196586186519	0.5137411620042963	0.0
0.0	0.02255174824856133	0.6484832714268217	0.02255174824856133	0.0	0.5575754754312052	0.6484832714268217	0.5575754754312052	0.0
0.0	0.03180687408198313	0.6196333541276874	0.03180687408198313	0.0	0.6543334695721417	0.6196333541276874	0.6543334695721417	0.0
0.0	0.03284630631351098	0.7681361853369244	0.03284630631351098	0.0	0.6661480651328232	0.7681361853369244	0.6661480651328232	0.0
0.0	0.03358260549212761	0.6048194248956303	0.03358260549212761	0.0	0.5086861562506029	0.6048194248956303	0.5086861562506029	0.0
0.0	0.0567670996878771	0.568415529280886	0.0567670996878771	0.0	0.5473837480632442	0.568415529280886	0.5473837480632442	0.0
0.0	0.03668478130863927	0.6359213761914247	0.03668478130863927	0.0	0.6793476072219498	0.6359213761914247	0.6793476072219498	0.0
0.0	0.042804954729855516	0.7344353751274282	0.042804954729855516	0.0	0.7860654231369888	0.7344353751274282	0.7860654231369888	0.0
0.0	0.04231507484918108	0.722092488997941	0.04231507484918108	0.0	0.6141297602904894	0.722092488997941	0.6141297602904894	0.0
0.0	0.02655731251570667	0.57401545722649	0.02655731251570667	0.0	0.5587404723228836	0.57401545722649	0.5587404723228836	0.0
0.0	0.03441181399803518	0.8191048349553092	0.03441181399803518	0.0	0.8619336619683422	0.8191048349553092	0.8619336619683422	0.0
0.0	0.056778197899343824	0.5416805053690057	0.056778197899343824	0.0	0.4793431926924846	0.5416805053690057	0.4793431926924846	0.0
0.0	0.02584314687402336	0.5901861095056132	0.02584314687402336	0.0	0.4578125943975676	0.5901861095056132	0.4578125943975676	0.0
0.0	0.05776027586825867	0.4280068810473412	0.05776027586825867	0.0	0.4602491626645868	0.4280068810473412	0.4602491626645868	0.0
0.0	0.031644641596515054	0.7066033408768221	0.031644641596515054	0.0	0.5912202069283207	0.7066033408768221	0.5912202069283207	0.0
0.0	0.024747967733998802	0.5734877283954838	0.024747967733998802	0.0	0.42713224425546087	0.5734877283954838	0.42713224425546087	0.0
0.0	0.03531727596900733	0.5924920883372494	0.03531727596900733	0.0	0.5180751327607731	0.5924920883372494	0.5180751327607731	0.0
0.0	0.04055638098026056	0.6221396756720163	0.04055638098026056	0.0	0.5893009270859444	0.6221396756720163	0.5893009270859444	0.0
0.0	0.04573242212829597	0.7944998896301465	0.04573242212829597	0.0	0.7199538894677283	0.7944998896301465	0.7199538894677283	0.0
0.0	0.027452364661990164	0.4318953148548151	0.027452364661990164	0.0	0.3802655866382341	0.4318953148548151	0.3802655866382341	0.0
0.0	0.017681001976822975	0.6035073720576127	0.017681001976822975	0.0	0.5572919795734335	0.6035073720576127	0.5572919795734335	0.0
0.0	0.04794003160840246	0.6664379561611697	0.04794003160840246	0.0	0.665073242514094	0.6664379561611697	0.665073242514094	0.0
0.0	0.03343364229557286	0.6403975953240504	0.03343364229557286	0.0	0.6364590876176613	0.6403975953240504	0.6364590876176613	0.0
0.0	0.03036682683690752	0.5518393808725911	0.03036682683690752	0.0	0.5974678202152367	0.5518393808725911	0.5974678202152367	0.0
0.0	0.019579400494327596	0.6037543470011378	0.019579400494327596	0.0	0.5546770351973718	0.6037543470011378	0.5546770351973718	0.0
0.0	0.03256105865936693	0.5865825084968325	0.03256105865936693	0.0	0.5596293960286215	0.5865825084968325	0.5596293960286215	0.0
0.0	0.038888864563878904	0.7869060747130737	0.038888864563878904	0.0	0.6966912700432553	0.7869060747130737	0.6966912700432553	0.0
0.0	0.03228173735840987	0.8452837828686456	0.03228173735840987	0.0	0.8862898188632011	0.8452837828686456	0.8862898188632011	0.0
0.0	0.028956370770584914	0.603511410487192	0.028956370770584914	0.0	0.5072969647251908	0.603511410487192	0.5072969647251908	0.0
0.0	0.05782366352936193	0.6285734033251635	0.05782366352936193	0.0	0.610548523206761	0.6285734033251635	0.610548523206761	0.0
0.0	0.028795216870342415	0.5155756388285153	0.028795216870342415	0.0	0.5147253021053714	0.5155756388285153	0.5147253021053714	0.0
0.0	0.0200889387286464	0.7041135752922668	0.0200889387286464	0.0	0.6747522020353659	0.7041135752922668	0.6747522020353659	0.0
0.0	0.05231407721184109	0.559281480097339	0.05231407721184109	0.0	0.5165270871499703	0.559281480097339	0.5165270871499703	0.0
0.0	0.04399235063360151	0.5153054234299745	0.04399235063360151	0.0	0.4760430432320097	0.5153054234299745	0.4760430432320097	0.0
0.0	0.03640328137828794	0.9692766807988007	0.03640328137828794	0.0	0.8577191728716558	0.9692766807988007	0.8577191728716558	0.0
0.0	0.013039033083968754	0.5948643069331618	0.013039033083968754	0.0	0.5516838669126606	0.5948643069331618	0.5516838669126606	0.0
0.0	0.02443802143602606	0.7453144778337171	0.02443802143602606	0.0	0.6580578808897364	0.7453144778337171	0.6580578808897364	0.0
0.0	0.027409187363752623	0.757914754578009	0.027409187363752623	0.0	0.5690598777468554	0.757914754578009	0.5690598777468554	0.0
0.0	0.02770991277649854	0.7508312944839577	0.02770991277649854	0.0	0.7821903382914233	0.7508312944839577	0.7821903382914233	0.0
0.0	0.03274517300573408	0.5748793732491505	0.03274517300573408	0.0	0.48752308770141556	0.5748793732491505	0.48752308770141556	0.0
0.0	0.065346574775603	0.5114058115165573	0.065346574775603	0.0	0.508674604213011	0.5114058115165573	0.508674604213011	0.0
0.0	0.07203155893325745	0.5342602300585673	0.07203155893325745	0.0	0.522400361074582	0.5342602300585673	0.522400361074582	0.0
0.0	0.039440225835381704	0.7379713801052373	0.039440225835381704	0.0	0.6934810692636482	0.7379713801052373	0.6934810692636482	0.0
0.0	0.01625458632199031	0.48894002405768583	0.01625458632199031	0.0	0.4188794661476353	0.48894002405768583	0.4188794661476353	0.0
0.0	0.019663313361596834	0.6010921570000649	0.019663313361596834	0.0	0.5491738442608513	0.6010921570000649	0.5491738442608513	0.0
0.0	0.05974216595342348	0.848973395965	0.05974216595342348	0.0	0.7817032293228013	0.848973395965	0.7817032293228013	0.0
0.0	0.021508377821323737	0.7790419770235237	0.021508377821323737	0.0	0.694954530144837	0.7790419770235237	0.694954530144837	0.0
0.0	0.028407298651223375	0.5139113074420488	0.028407298651223375	0.0	0.42895417468002184	0.5139113074420488	0.42895417468002184	0.0
0.0	0.029838122599872705	0.8220995227662831	0.029838122599872705	0.0	0.7019852756820797	0.8220995227662831	0.7019852756820797	0.0
0.0	0.028506020920172195	0.6507732072665998	0.028506020920172195	0.0	0.6380579582044373	0.6507732072665998	0.6380579582044373	0.0
0.0	0.041262968992513166	0.5726854176925118	0.041262968992513166	0.0	0.4540211694584131	0.5726854176925118	0.4540211694584131	0.0
0.0	0.03958541393398427	0.7389476591741138	0.03958541393398427	0.0	0.7672333383481413	0.7389476591741138	0.7672333383481413	0.0
0.0	0.04019561404087486	0.555222376153409	0.04019561404087486	0.0	0.5852906749902423	0.555222376153409	0.5852906749902423	0.0
0.0	0.014271555181730884	0.6546303633729798	0.014271555181730884	0.0	0.5622757251969618	0.6546303633729798	0.5622757251969618	0.0
0.0	0.020748945147661083	0.696267640710603	0.020748945147661083	0.0	0.6605043197302659	0.696267640710603	0.6605043197302659	0.0
0.0	0.03063412909767046	0.7001196524018974	0.03063412909767046	0.0	0.550246414940505	0.7001196524018974	0.550246414940505	0.0
0.0	0.03105750067060344	0.854861694306297	0.03105750067060344	0.0	0.8733847092589544	0.854861694306297	0.8733847092589544	0.0
0.0	0.03969863683429949	0.6858243040704148	0.03969863683429949	0.0	0.6466125821435519	0.6858243040704148	0.6466125821435519	0.0
0.0	0.019169956258835115	0.40332103034618566	0.019169956258835115	0.0	0.31796385097750907	0.40332103034618566	0.31796385097750907	0.0
0.0	0.03638274776945741	0.599854328538123	0.03638274776945741	0.0	0.5642697778191033	0.599854328538123	0.5642697778191033	0.0
0.0	0.05153648306429717	0.8981031881204599	0.05153648306429717	0.0	0.906604386271659	0.8981031881204599	0.906604386271659	0.0
0.0	0.024203624879840537	0.5906173951851151	0.024203624879840537	0.0	0.5130212659910329	0.5906173951851151	0.5130212659910329	0.0
0.0	0.025958821783540486	0.6822991271020769	0.025958821783540486	0.0	0.6041655018171656	0.6822991271020769	0.6041655018171656	0.0
0.0	0.06474796581672095	0.9341325823516307	0.06474796581672095	0.0	0.8104802899863874	0.9341325823516307	0.8104802899863874	0.0
0.0	0.0674578376116005	0.6594712777352458	0.0674578376116005	0.0	0.6562747498020088	0.6594712777352458	0.6562747498020088	0.0
0.0	0.04636316789683268	0.6924582499755967	0.04636316789683268	0.0	0.6486749056731616	0.6924582499755967	0.6486749056731616	0.0
0.0	0.04207494891167704	0.6825711447655037	0.04207494891167704	0.0	0.6682657370126712	0.6825711447655037	0.6682657370126712	0.0
0.0	0.02694910837271291	0.5655745400949733	0.02694910837271291	0.0	0.5266834441847851	0.5655745400949733	0.5266834441847851	0.0
0.0	0.03777053456541182	0.7275954887110377	0.03777053456541182	0.0	0.6814989293361847	0.7275954887110377	0.6814989293361847	0.0
0.0	0.026310710042517036	0.7468047807858769	0.026310710042517036	0.0	0.7006730652411571	0.7468047807858769	0.7006730652411571	0.0
0.0	0.032293961996238296	0.8597366018530899	0.032293961996238296	0.0	0.788445485831433	0.8597366018530899	0.788445485831433	0.0
0.0	0.059033944223821175	0.7978070301254777	0.059033944223821175	0.0	0.7443790589172933	0.7978070301254777	0.7443790589172933	0.0
0.0	0.02322329916090584	0.4782641338898725	0.02322329916090584	0.0	0.4789633628418806	0.4782641338898725	0.4789633628418806	0.0
0.0	0.04445412425893805	0.8912536997192992	0.04445412425893805	0.0	0.9244791519833138	0.8912536997192992	0.9244791519833138	0.0
0.0	0.0308189563560306	0.8023426693015335	0.0308189563560306	0.0	0.743901581722325	0.8023426693015335	0.743901581722325	0.0
0.0	0.04520095228270994	0.6444502532930374	0.04520095228270994	0.0	0.5262725022029998	0.6444502532930374	0.5262725022029998	0.0
0.0	0.033705582742984005	0.630569739862187	0.033705582742984005	0.0	0.5526325512654795	0.630569739862187	0.5526325512654795	0.0
0.0	0.01844109169559141	0.6082701050511099	0.01844109169559141	0.0	0.5382153270861639	0.6082701050511099	0.5382153270861639	0.0
0.0	0.027183411448687866	0.9073196373651837	0.027183411448687866	0.0	0.7465134537149347	0.9073196373651837	0.7465134537149347	0.0
0.0	0.05673089984089516	0.9116986474121693	0.05673089984089516	0.0	0.8289842732645389	0.9116986474121693	0.8289842732645389	0.0
0.0	0.03352281155043444	0.8264974115781812	0.03352281155043444	0.0	0.8309239980581502	0.8264974115781812	0.8309239980581502	0.0
0.0	0.040413011528237085	0.46822432926717666	0.040413011528237085	0.0	0.38344044641137975	0.46822432926717666	0.38344044641137975	0.0
0.0	0.034393744687510774	0.6935699509535924	0.034393744687510774	0.0	0.5936141855478858	0.6935699509535924	0.5936141855478858	0.0
0.0	0.0340122521229441	0.5327413155358606	0.0340122521229441	0.0	0.4420320336515114	0.5327413155358606	0.4420320336515114	0.0
0.0	0.04105652701962002	0.6635562423206383	0.04105652701962002	0.0	0.6357625681931801	0.6635562423206383	0.6357625681931801	0.0
0.0	0.017294243391368706	0.5332216004794361	0.017294243391368706	0.0	0.5174497365874631	0.5332216004794361	0.5174497365874631	0.0
0.0	0.04407508459159699	0.7659505004747864	0.04407508459159699	0.0	0.6830265508787846	0.7659505004747864	0.6830265508787846	0.0
0.0	0.02522351309006705	0.7512364303677932	0.02522351309006705	0.0	0.6686965174129303	0.7512364303677932	0.6686965174129303	0.0
0.0	0.05010354503709659	0.5631749824566744	0.05010354503709659	0.0	0.4847536563444685	0.5631749824566744	0.4847536563444685	0.0
0.0	0.05682335891300646	0.9177600414034475	0.05682335891300646	0.0	0.91185551995337	0.9177600414034475	0.91185551995337	0.0
0.0	0.022616571206933816	0.3859196453599553	0.022616571206933816	0.0	0.33563944900553033	0.3859196453599553	0.33563944900553033	0.0
0.0	0.03024629498546444	0.5610012533214791	0.03024629498546444	0.0	0.4842385516506894	0.5610012533214791	0.4842385516506894	0.0
0.0	0.01429458677239944	0.5990885202558505	0.01429458677239944	0.0	0.5234068361997883	0.5990885202558505	0.5234068361997883	0.0
0.0	0.041589286419646244	0.5075581827564305	0.041589286419646244	0.0	0.4541139125040929	0.5075581827564305	0.4541139125040929	0.0
0.0	0.030575671565672768	0.7373515832774525	0.030575671565672768	0.0	0.6902497401058824	0.7373515832774525	0.6902497401058824	0.0
0.0	0.034194523329378064	0.6765507948594887	0.034194523329378064	0.0	0.7184925952797646	0.6765507948594887	0.7184925952797646	0.0
0.0	0.041737189595274685	0.5693369976408943	0.041737189595274685	0.0	0.4003636363636491	0.5693369976408943	0.4003636363636491	0.0
0.0	0.05038644999909717	0.7228267469954609	0.05038644999909717	0.0	0.6838457831325425	0.7228267469954609	0.6838457831325425	0.0
0.0	0.03089772364517858	0.7032997225191172	0.03089772364517858	0.0	0.6397584699967125	0.7032997225191172	0.6397584699967125	0.0
0.0	0.03752530851098466	0.5732020608735645	0.03752530851098466	0.0	0.521310395917349	0.5732020608735645	0.521310395917349	0.0
0.0	0.030051010414964097	1.0092120931961701	0.030051010414964097	0.0	0.9325857519788846	1.0092120931961701	0.9325857519788846	0.0
0.0	0.01852280952851922	0.9000039559913446	0.01852280952851922	0.0	0.836895701013072	0.9000039559913446	0.836895701013072	0.0
0.0	0.01725456196255126	0.6225286660335426	0.01725456196255126	0.0	0.5717204482264711	0.6225286660335426	0.5717204482264711	0.0
0.0	0.02558556782119272	0.73871575014647	0.02558556782119272	0.0	0.691118288251908	0.73871575014647	0.691118288251908	0.0
0.0	0.04209588688039642	0.5897095955053274	0.04209588688039642	0.0	0.39491791317036906	0.5897095955053274	0.39491791317036906	0.0
0.0	0.033966558470581235	0.5235136887733743	0.033966558470581235	0.0	0.4788644166482624	0.5235136887733743	0.4788644166482624	0.0
0.0	0.01399851509650321	0.6807900063113276	0.01399851509650321	0.0	0.5480602342442863	0.6807900063113276	0.5480602342442863	0.0
0.0	0.010802937386531597	0.4563505426678242	0.010802937386531597	0.0	0.37977793710156127	0.4563505426678242	0.37977793710156127	0.0
0.0	0.038934244961937696	0.867159679260782	0.038934244961937696	0.0	0.7966081221462422	0.867159679260782	0.7966081221462422	0.0
0.0	0.012731275498837418	0.8350796575041042	0.012731275498837418	0.0	0.7392846421066017	0.8350796575041042	0.7392846421066017	0.0
0.0	0.0434780144316958	0.9753746265834775	0.0434780144316958	0.0	0.9261376219351362	0.9753746265834775	0.9261376219351362	0.0
0.0	0.013733894990830255	0.6123348042967672	0.013733894990830255	0.0	0.49320025999621886	0.6123348042967672	0.49320025999621886	0.0
0.0	0.03468315477654885	0.5430155380073591	0.03468315477654885	0.0	0.5079702333344819	0.5430155380073591	0.5079702333344819	0.0
0.0	0.032304886225166925	0.5948282171203235	0.032304886225166925	0.0	0.6003724633958346	0.5948282171203235	0.6003724633958346	0.0
0.0	0.020681032923598217	0.5785521914561557	0.020681032923598217	0.0	0.5025618826492364	0.5785521914561557	0.5025618826492364	0.0
0.0	0.02382136572284069	0.6543333886303001	0.02382136572284069	0.0	0.6461862266374706	0.6543333886303001	0.6461862266374706	0.0
0.0	0.014588891189950043	0.790297981362983	0.014588891189950043	0.0	0.7118881118880858	0.790297981362983	0.7118881118880858	0.0
0.0	0.03972323268238641	0.6400454546261538	0.03972323268238641	0.0	0.6198751649924981	0.6400454546261538	0.6198751649924981	0.0
0.0	0.03353813047122786	0.5677008850925505	0.03353813047122786	0.0	0.4901199745749266	0.5677008850925505	0.4901199745749266	0.0
0.0	0.04345147817157957	0.5830716455609661	0.04345147817157957	0.0	0.5267796037345263	0.5830716455609661	0.5267796037345263	0.0
0.0	0.05208280634591945	0.3978906073234873	0.05208280634591945	0.0	0.39747737052975585	0.3978906073234873	0.39747737052975585	0.0
0.0	0.024751046566523008	0.5437256416319721	0.024751046566523008	0.0	0.49788547944038986	0.5437256416319721	0.49788547944038986	0.0
0.0	0.03176709988632757	0.5356165280166135	0.03176709988632757	0.0	0.5018120000000041	0.5356165280166135	0.5018120000000041	0.0
0.0	0.02682362893351699	0.6325952596202815	0.02682362893351699	0.0	0.6426751315388897	0.6325952596202815	0.6426751315388897	0.0
0.0	0.04388200071367464	0.5571439536627366	0.04388200071367464	0.0	0.5158365820669844	0.5571439536627366	0.5158365820669844	0.0
0.0	0.024079815537492534	1.1169395615482152	0.024079815537492534	0.0	0.8982688521236493	1.1169395615482152	0.8982688521236493	0.0
0.0	0.035340475173974414	0.5640269959712233	0.035340475173974414	0.0	0.5841544187220045	0.5640269959712233	0.5841544187220045	0.0
0.0	0.04199719344856576	0.7745925110814132	0.04199719344856576	0.0	0.8762514941429536	0.7745925110814132	0.8762514941429536	0.0
0.0	0.03991646735512578	0.7113201177828572	0.03991646735512578	0.0	0.6500250521920621	0.7113201177828572	0.6500250521920621	0.0
0.0	0.048608830862180444	0.8295237189623241	0.048608830862180444	0.0	0.7461701717152189	0.8295237189623241	0.7461701717152189	0.0
0.0	0.0370035987047453	0.5061750789139049	0.0370035987047453	0.0	0.48540936321278116	0.5061750789139049	0.48540936321278116	0.0
0.0	0.029252365451864812	0.7798264525056974	0.029252365451864812	0.0	0.7470324615275106	0.7798264525056974	0.7470324615275106	0.0
0.0	0.029719519501531688	0.6315537145243155	0.029719519501531688	0.0	0.545762511338085	0.6315537145243155	0.545762511338085	0.0
0.0	0.035408982976145614	0.7531786311048717	0.035408982976145614	0.0	0.7232892634025936	0.7531786311048717	0.7232892634025936	0.0
