population in sample
0	0	1

generation in sample
0.0	1000.0	1000.0

expected_linearlized_fst_array
0.0	0.016666666666666666	0.049966666666666666	0.016666666666666666	0.0	0.0333	0.049966666666666666	0.0333	0.0	

mean_linearlized_fst_array
0.0	0.016818114189848993	0.08481146756533288	0.016818114189848993	0.0	0.06765906836485187	0.08481146756533288	0.06765906836485187	0.0

median_linearlized_fst_array
0.0	0.015536197866777221	0.08271568843805524	0.015536197866777221	0.0	0.06500163823426325	0.08271568843805524	0.06500163823426325	0.0

std_linearlized_fst_array
0.0	0.011248021599486747	0.02263031468245133	0.011248021599486747	0.0	0.02664657849955624	0.02263031468245133	0.02664657849955624	0.0

linearlized_fst_array
0.0	0.004477024088055655	0.11369735994502171	0.004477024088055655	0.0	0.0686403772586104	0.11369735994502171	0.0686403772586104	0.0
0.0	0.011158698438743378	0.04839529763388447	0.011158698438743378	0.0	0.021995494898626015	0.04839529763388447	0.021995494898626015	0.0
0.0	0.005655812620461452	0.11235098692412654	0.005655812620461452	0.0	0.05205858386583368	0.11235098692412654	0.05205858386583368	0.0
0.0	0.007256653622628703	0.05371755599617108	0.007256653622628703	0.0	0.0244443910525863	0.05371755599617108	0.0244443910525863	0.0
0.0	0.014065700790055922	0.09839514719348814	0.014065700790055922	0.0	0.09597468384322883	0.09839514719348814	0.09597468384322883	0.0
0.0	0.017454974812735672	0.1087878975056359	0.017454974812735672	0.0	0.05783817367050713	0.1087878975056359	0.05783817367050713	0.0
0.0	0.03046106948472271	0.10653697290349651	0.03046106948472271	0.0	0.08838036870458393	0.10653697290349651	0.08838036870458393	0.0
0.0	0.025647262201464308	0.07763612181184427	0.025647262201464308	0.0	0.08840465323769187	0.07763612181184427	0.08840465323769187	0.0
0.0	0.02802098312908418	0.07806726041717651	0.02802098312908418	0.0	0.06380377011270542	0.07806726041717651	0.06380377011270542	0.0
0.0	0.0013569860711626879	0.09958110062481099	0.0013569860711626879	0.0	0.08541182361145237	0.09958110062481099	0.08541182361145237	0.0
0.0	0.038929904951049484	0.06024359443816931	0.038929904951049484	0.0	0.050460852830937805	0.06024359443816931	0.050460852830937805	0.0
0.0	0.01662015190137102	0.09946247577511966	0.01662015190137102	0.0	0.09604744022435605	0.09946247577511966	0.09604744022435605	0.0
0.0	0.012083206203516089	0.06991751359587735	0.012083206203516089	0.0	0.03566892848070453	0.06991751359587735	0.03566892848070453	0.0
0.0	0.02128930365025849	0.04740566423199428	0.02128930365025849	0.0	0.04007666098806089	0.04740566423199428	0.04007666098806089	0.0
0.0	0.013153030189615693	0.095025674839081	0.013153030189615693	0.0	0.08888789318037427	0.095025674839081	0.08888789318037427	0.0
0.0	0.015127225748754636	0.05786001649784422	0.015127225748754636	0.0	0.045175255144694816	0.05786001649784422	0.045175255144694816	0.0
0.0	0.02273263405184037	0.07014563966577941	0.02273263405184037	0.0	0.08400060892067521	0.07014563966577941	0.08400060892067521	0.0
0.0	0.013275333872632224	0.1297507027909558	0.013275333872632224	0.0	0.08649131650092444	0.1297507027909558	0.08649131650092444	0.0
0.0	0.015268928244766394	0.06830009596361594	0.015268928244766394	0.0	0.04036677479977621	0.06830009596361594	0.04036677479977621	0.0
0.0	0.026242821890014496	0.07427100516867115	0.026242821890014496	0.0	0.0868154834693076	0.07427100516867115	0.0868154834693076	0.0
0.0	0.02597652193516485	0.09065132808855307	0.02597652193516485	0.0	0.11680191259968294	0.09065132808855307	0.11680191259968294	0.0
0.0	0.02422246742903993	0.06640823472422232	0.02422246742903993	0.0	0.05871756535158251	0.06640823472422232	0.05871756535158251	0.0
0.0	0.007701958233315519	0.05290104145836187	0.007701958233315519	0.0	0.035221264023180154	0.05290104145836187	0.035221264023180154	0.0
0.0	0.019254751644250973	0.05950717047568043	0.019254751644250973	0.0	0.0627829969906871	0.05950717047568043	0.0627829969906871	0.0
0.0	0.05240013999855162	0.08476576798633484	0.05240013999855162	0.0	0.12282896376560332	0.08476576798633484	0.12282896376560332	0.0
0.0	0.01016736359510708	0.07981236038714772	0.01016736359510708	0.0	0.03314476647665684	0.07981236038714772	0.03314476647665684	0.0
0.0	0.003660752363264735	0.1220542978498082	0.003660752363264735	0.0	0.07609181696228845	0.1220542978498082	0.07609181696228845	0.0
0.0	0.00399052020274937	0.10601367904673716	0.00399052020274937	0.0	0.060918567186791686	0.10601367904673716	0.060918567186791686	0.0
0.0	0.0012732121190531312	0.06544083970729914	0.0012732121190531312	0.0	0.03512881585558801	0.06544083970729914	0.03512881585558801	0.0
0.0	0.035652490542637985	0.10629409600856726	0.035652490542637985	0.0	0.10573937727311332	0.10629409600856726	0.10573937727311332	0.0
0.0	0.02669355643312496	0.09432724021442968	0.02669355643312496	0.0	0.08129077644012998	0.09432724021442968	0.08129077644012998	0.0
0.0	0.00011255198252454161	0.0475713048249071	0.00011255198252454161	0.0	0.028101429827381962	0.0475713048249071	0.028101429827381962	0.0
0.0	0.007398304725245689	0.08244201963591237	0.007398304725245689	0.0	0.08410084759484898	0.08244201963591237	0.08410084759484898	0.0
0.0	0.01105561018681258	0.06948133972568031	0.01105561018681258	0.0	0.06794153471375647	0.06948133972568031	0.06794153471375647	0.0
0.0	0.025746883538269812	0.10604034024033564	0.025746883538269812	0.0	0.07361076101650685	0.10604034024033564	0.07361076101650685	0.0
0.0	0.043433058051973214	0.1111546651737818	0.043433058051973214	0.0	0.12778237508593684	0.1111546651737818	0.12778237508593684	0.0
0.0	0.011676911364128661	0.11744378740009613	0.011676911364128661	0.0	0.09090697764517891	0.11744378740009613	0.09090697764517891	0.0
0.0	0.021861797524597375	0.08566733896429195	0.021861797524597375	0.0	0.10074710700532089	0.08566733896429195	0.10074710700532089	0.0
0.0	-0.004165881045859688	0.06955763663884051	-0.004165881045859688	0.0	0.029597571942445076	0.06955763663884051	0.029597571942445076	0.0
0.0	-0.004081950106409401	0.10601216724584182	-0.004081950106409401	0.0	0.05793122455898256	0.10601216724584182	0.05793122455898256	0.0
0.0	0.012983632845528415	0.07700931118733292	0.012983632845528415	0.0	0.03204065450874732	0.07700931118733292	0.03204065450874732	0.0
0.0	0.0077185388702684906	0.06417870156152065	0.0077185388702684906	0.0	0.05870357206324107	0.06417870156152065	0.05870357206324107	0.0
0.0	0.03315051166299099	0.06737812480080758	0.03315051166299099	0.0	0.04853487042040481	0.06737812480080758	0.04853487042040481	0.0
0.0	0.00862312813774056	0.13186180156200594	0.00862312813774056	0.0	0.07966356773549879	0.13186180156200594	0.07966356773549879	0.0
0.0	0.01627405236690035	0.07664596697531688	0.01627405236690035	0.0	0.07175227060830028	0.07664596697531688	0.07175227060830028	0.0
0.0	0.005198974184288768	0.09441146685948792	0.005198974184288768	0.0	0.06932805454745158	0.09441146685948792	0.06932805454745158	0.0
0.0	0.004743322689260481	0.07914259517677534	0.004743322689260481	0.0	0.06738627426393914	0.07914259517677534	0.06738627426393914	0.0
0.0	0.011672543715411345	0.08644682569409777	0.011672543715411345	0.0	0.06779797527824281	0.08644682569409777	0.06779797527824281	0.0
0.0	0.03905205909750137	0.0645726804604653	0.03905205909750137	0.0	0.06718457684621706	0.0645726804604653	0.06718457684621706	0.0
0.0	0.02783654692226037	0.06851673574391746	0.02783654692226037	0.0	0.042590951414035995	0.06851673574391746	0.042590951414035995	0.0
0.0	0.013451734988784658	0.06717981375421313	0.013451734988784658	0.0	0.03410776766968381	0.06717981375421313	0.03410776766968381	0.0
0.0	0.006414154282386208	0.07986855659571722	0.006414154282386208	0.0	0.052989570066421555	0.07986855659571722	0.052989570066421555	0.0
0.0	0.021969615985724934	0.05340280119321842	0.021969615985724934	0.0	0.03296257260106794	0.05340280119321842	0.03296257260106794	0.0
0.0	0.017474527747151712	0.06738279379141099	0.017474527747151712	0.0	0.03818884512327915	0.06738279379141099	0.03818884512327915	0.0
0.0	0.026509083655601687	0.1005208762321676	0.026509083655601687	0.0	0.04654356166841503	0.1005208762321676	0.04654356166841503	0.0
0.0	0.031228987084915425	0.10668301987603568	0.031228987084915425	0.0	0.07500403756084234	0.10668301987603568	0.07500403756084234	0.0
0.0	0.015144213360408616	0.07738565604517915	0.015144213360408616	0.0	0.04853406744665346	0.07738565604517915	0.04853406744665346	0.0
0.0	0.015723231716311046	0.11033183794869816	0.015723231716311046	0.0	0.036166559573573336	0.11033183794869816	0.036166559573573336	0.0
0.0	0.01972567013108935	0.04502386127539285	0.01972567013108935	0.0	0.038727896021897544	0.04502386127539285	0.038727896021897544	0.0
0.0	0.01587076578881241	0.0840902954632735	0.01587076578881241	0.0	0.08142171083102798	0.0840902954632735	0.08142171083102798	0.0
0.0	0.011949362382358632	0.08134199450403796	0.011949362382358632	0.0	0.09262564265166032	0.08134199450403796	0.09262564265166032	0.0
0.0	0.02973701104320122	0.05036850059891066	0.02973701104320122	0.0	0.07017978921262671	0.05036850059891066	0.07017978921262671	0.0
0.0	0.0160117264002808	0.08784912453166696	0.0160117264002808	0.0	0.06374305416865342	0.08784912453166696	0.06374305416865342	0.0
0.0	0.03957707601053446	0.07849824428749723	0.03957707601053446	0.0	0.06341975625829832	0.07849824428749723	0.06341975625829832	0.0
0.0	0.03509811130004361	0.11164075397565777	0.03509811130004361	0.0	0.068590899979931	0.11164075397565777	0.068590899979931	0.0
0.0	-0.006093322757752531	0.09415585676007981	-0.006093322757752531	0.0	0.06819011364269904	0.09415585676007981	0.06819011364269904	0.0
0.0	0.017712979319278482	0.09602603953442682	0.017712979319278482	0.0	0.0741702815127551	0.09602603953442682	0.0741702815127551	0.0
0.0	0.019619342359239924	0.05876490385751901	0.019619342359239924	0.0	0.0312900055138628	0.05876490385751901	0.0312900055138628	0.0
0.0	0.02689150229377187	0.09305757738902537	0.02689150229377187	0.0	0.07079014793546431	0.09305757738902537	0.07079014793546431	0.0
0.0	0.01958925135295627	0.11494125089514863	0.01958925135295627	0.0	0.07140170111079601	0.11494125089514863	0.07140170111079601	0.0
0.0	0.0121678187576075	0.0845892538173753	0.0121678187576075	0.0	0.05388361464608009	0.0845892538173753	0.05388361464608009	0.0
0.0	0.024285620652797178	0.09884293856392534	0.024285620652797178	0.0	0.06329187017298205	0.09884293856392534	0.06329187017298205	0.0
0.0	-0.001166526027472202	0.10119952063940708	-0.001166526027472202	0.0	0.05746718617354322	0.10119952063940708	0.05746718617354322	0.0
0.0	0.012875164008727255	0.07286733466268477	0.012875164008727255	0.0	0.03700758046475944	0.07286733466268477	0.03700758046475944	0.0
0.0	0.007526975295126309	0.0706883213054951	0.007526975295126309	0.0	0.054118821767329066	0.0706883213054951	0.054118821767329066	0.0
0.0	0.018788560008369776	0.06168969151769778	0.018788560008369776	0.0	0.05881457313756207	0.06168969151769778	0.05881457313756207	0.0
0.0	0.01318306690775842	0.07208673320621962	0.01318306690775842	0.0	0.05343626435695656	0.07208673320621962	0.05343626435695656	0.0
0.0	0.021272388730861007	0.11519132636778183	0.021272388730861007	0.0	0.05969518780749546	0.11519132636778183	0.05969518780749546	0.0
0.0	0.02885055052245875	0.08422323001827518	0.02885055052245875	0.0	0.07942763538253271	0.08422323001827518	0.07942763538253271	0.0
0.0	0.036730148384477135	0.06085864723984639	0.036730148384477135	0.0	0.10538989614502335	0.06085864723984639	0.10538989614502335	0.0
0.0	0.0028698990155853242	0.05913355257248404	0.0028698990155853242	0.0	0.03793729390659664	0.05913355257248404	0.03793729390659664	0.0
0.0	0.009379467065245962	0.08782817723518076	0.009379467065245962	0.0	0.056153812037063225	0.08782817723518076	0.056153812037063225	0.0
0.0	0.0158815145290866	0.06242855646981596	0.0158815145290866	0.0	0.02650252972831379	0.06242855646981596	0.02650252972831379	0.0
0.0	0.02067794399770569	0.13632087134082568	0.02067794399770569	0.0	0.12151852444400937	0.13632087134082568	0.12151852444400937	0.0
0.0	0.03555353962332273	0.0629583795160491	0.03555353962332273	0.0	0.05360864624385586	0.0629583795160491	0.05360864624385586	0.0
0.0	0.008089274876359244	0.10503444856761018	0.008089274876359244	0.0	0.09101222376105501	0.10503444856761018	0.09101222376105501	0.0
0.0	0.01826524794435293	0.09005307895449317	0.01826524794435293	0.0	0.09923735896360159	0.09005307895449317	0.09923735896360159	0.0
0.0	0.008224629723257043	0.05436597967049345	0.008224629723257043	0.0	0.04289487902979132	0.05436597967049345	0.04289487902979132	0.0
0.0	0.0016102967442573007	0.08395416443093182	0.0016102967442573007	0.0	0.08477722158892391	0.08395416443093182	0.08477722158892391	0.0
0.0	0.006570848703246077	0.10981143270684983	0.006570848703246077	0.0	0.10030065123391556	0.10981143270684983	0.10030065123391556	0.0
0.0	0.003672830218998436	0.05216508904484741	0.003672830218998436	0.0	0.01594053642590313	0.05216508904484741	0.01594053642590313	0.0
0.0	0.01595964512220892	0.10677271229244654	0.01595964512220892	0.0	0.10076847074318916	0.10677271229244654	0.10076847074318916	0.0
0.0	0.00803816566797394	0.05775243775154746	0.00803816566797394	0.0	0.057604232469990385	0.05775243775154746	0.057604232469990385	0.0
0.0	0.016290713004821315	0.08537462034655746	0.016290713004821315	0.0	0.0933366484336107	0.08537462034655746	0.0933366484336107	0.0
0.0	0.017863721609981596	0.15038406821005468	0.017863721609981596	0.0	0.11882223510342826	0.15038406821005468	0.11882223510342826	0.0
0.0	0.012868492611295844	0.07577060202230777	0.012868492611295844	0.0	0.0496214126540426	0.07577060202230777	0.0496214126540426	0.0
0.0	0.024090891404455906	0.12626930193754846	0.024090891404455906	0.0	0.08419950646824216	0.12626930193754846	0.08419950646824216	0.0
0.0	0.010815164592983179	0.08971724913607648	0.010815164592983179	0.0	0.08450467486078575	0.08971724913607648	0.08450467486078575	0.0
0.0	0.0017290219836803235	0.10299571450028833	0.0017290219836803235	0.0	0.0897865314305675	0.10299571450028833	0.0897865314305675	0.0
0.0	0.020797154236290676	0.0969728489082301	0.020797154236290676	0.0	0.08092219020172435	0.0969728489082301	0.08092219020172435	0.0
0.0	0.014574722999766235	0.11460539365729014	0.014574722999766235	0.0	0.09971427501963395	0.11460539365729014	0.09971427501963395	0.0
0.0	0.015772065008580912	0.042162669651852024	0.015772065008580912	0.0	0.017427305522588418	0.042162669651852024	0.017427305522588418	0.0
0.0	0.014354317592039919	0.11676254835789486	0.014354317592039919	0.0	0.09570524888039739	0.11676254835789486	0.09570524888039739	0.0
0.0	0.035749560270227326	0.0983210259753824	0.035749560270227326	0.0	0.0996783858147282	0.0983210259753824	0.0996783858147282	0.0
0.0	0.03864872820924987	0.09273898134599122	0.03864872820924987	0.0	0.10945430331979789	0.09273898134599122	0.10945430331979789	0.0
0.0	0.009530103264478272	0.06536064447821828	0.009530103264478272	0.0	0.045028771686904376	0.06536064447821828	0.045028771686904376	0.0
0.0	0.021854546119244308	0.08329120205791017	0.021854546119244308	0.0	0.08325975719875509	0.08329120205791017	0.08325975719875509	0.0
0.0	0.02265738314281411	0.09011111989195304	0.02265738314281411	0.0	0.05999451604057148	0.09011111989195304	0.05999451604057148	0.0
0.0	0.03043573690105354	0.10131966190684465	0.03043573690105354	0.0	0.08613176108690082	0.10131966190684465	0.08613176108690082	0.0
0.0	0.017459528965589922	0.12355342971257134	0.017459528965589922	0.0	0.1278465753424495	0.12355342971257134	0.1278465753424495	0.0
0.0	0.030110483783093958	0.0753552411047966	0.030110483783093958	0.0	0.06752282221876063	0.0753552411047966	0.06752282221876063	0.0
0.0	0.021810724977022387	0.09061201982614389	0.021810724977022387	0.0	0.08599049755836667	0.09061201982614389	0.08599049755836667	0.0
0.0	0.03854640290567386	0.10087679974559419	0.03854640290567386	0.0	0.12100838175553791	0.10087679974559419	0.12100838175553791	0.0
0.0	0.012924760836361857	0.05830561566360835	0.012924760836361857	0.0	0.04105050505049497	0.05830561566360835	0.04105050505049497	0.0
0.0	0.023069165072532257	0.06852304849942366	0.023069165072532257	0.0	0.03737898633255931	0.06852304849942366	0.03737898633255931	0.0
0.0	0.03151397185277142	0.13192251269213326	0.03151397185277142	0.0	0.14953804037868065	0.13192251269213326	0.14953804037868065	0.0
0.0	0.007269220085948166	0.0753924673154645	0.007269220085948166	0.0	0.03977913533832648	0.0753924673154645	0.03977913533832648	0.0
0.0	-0.0017207058371809416	0.07520463363382542	-0.0017207058371809416	0.0	0.029117171909133235	0.07520463363382542	0.029117171909133235	0.0
0.0	0.016587625441519413	0.1169332749666366	0.016587625441519413	0.0	0.09489809782606849	0.1169332749666366	0.09489809782606849	0.0
0.0	0.02764660843713481	0.12671137304283225	0.02764660843713481	0.0	0.09034894463789898	0.12671137304283225	0.09034894463789898	0.0
0.0	0.017506253530846574	0.08304398496711812	0.017506253530846574	0.0	0.0673240385935422	0.08304398496711812	0.0673240385935422	0.0
0.0	0.00596778209630492	0.08325152259993036	0.00596778209630492	0.0	0.06164584601065177	0.08325152259993036	0.06164584601065177	0.0
0.0	0.007861959933841613	0.07322408906237234	0.007861959933841613	0.0	0.04125938833142071	0.07322408906237234	0.04125938833142071	0.0
0.0	0.016407442127108034	0.11405045470633296	0.016407442127108034	0.0	0.09346785937172963	0.11405045470633296	0.09346785937172963	0.0
0.0	0.029533457921905894	0.09011164842387327	0.029533457921905894	0.0	0.09806825427004895	0.09011164842387327	0.09806825427004895	0.0
0.0	0.00525568634280423	0.09546271618222248	0.00525568634280423	0.0	0.09995628224184286	0.09546271618222248	0.09995628224184286	0.0
0.0	0.010799273112511122	0.09272948072939338	0.010799273112511122	0.0	0.08552460230318101	0.09272948072939338	0.08552460230318101	0.0
0.0	0.032988868196456134	0.07517980863105077	0.032988868196456134	0.0	0.10466449364951967	0.07517980863105077	0.10466449364951967	0.0
0.0	0.02423129083742302	0.07340246901064769	0.02423129083742302	0.0	0.027793205853330446	0.07340246901064769	0.027793205853330446	0.0
0.0	0.018965109460955667	0.11493126084808118	0.018965109460955667	0.0	0.10898424019324458	0.11493126084808118	0.10898424019324458	0.0
0.0	0.025822858168432154	0.07425164397310131	0.025822858168432154	0.0	0.0644487685550447	0.07425164397310131	0.0644487685550447	0.0
0.0	0.026962367759594034	0.06819982831630518	0.026962367759594034	0.0	0.05421399085126314	0.06819982831630518	0.05421399085126314	0.0
0.0	0.0053482506132244735	0.0699963709942606	0.0053482506132244735	0.0	0.05218488896830656	0.0699963709942606	0.05218488896830656	0.0
0.0	0.018263748787620226	0.09913622391719494	0.018263748787620226	0.0	0.10214047367135552	0.09913622391719494	0.10214047367135552	0.0
0.0	0.0014061758298875534	0.07118996674510467	0.0014061758298875534	0.0	0.04515685475656337	0.07118996674510467	0.04515685475656337	0.0
0.0	0.00694706606481036	0.07308218232041844	0.00694706606481036	0.0	0.04911242603549047	0.07308218232041844	0.04911242603549047	0.0
0.0	0.009430266052729733	0.08120021606180185	0.009430266052729733	0.0	0.059733961946436556	0.08120021606180185	0.059733961946436556	0.0
0.0	-0.0009829314315956924	0.07628568200838667	-0.0009829314315956924	0.0	0.04635297969050402	0.07628568200838667	0.04635297969050402	0.0
0.0	0.022595905461210663	0.09964790684411064	0.022595905461210663	0.0	0.06951957425092063	0.09964790684411064	0.06951957425092063	0.0
0.0	0.031431161250328625	0.09427928134262525	0.031431161250328625	0.0	0.0734271835809798	0.09427928134262525	0.0734271835809798	0.0
0.0	0.029586763127672746	0.08787314247690642	0.029586763127672746	0.0	0.06500168899896767	0.08787314247690642	0.06500168899896767	0.0
0.0	0.02238369264623375	0.06094586784817024	0.02238369264623375	0.0	0.049810757736970246	0.06094586784817024	0.049810757736970246	0.0
0.0	0.005201364902237996	0.0722884957140141	0.005201364902237996	0.0	0.058048258184498165	0.0722884957140141	0.058048258184498165	0.0
0.0	0.015210610469712447	0.09643705067257131	0.015210610469712447	0.0	0.11149507757087575	0.09643705067257131	0.11149507757087575	0.0
0.0	0.012124176398127072	0.054122674637379686	0.012124176398127072	0.0	0.04547474671385959	0.054122674637379686	0.04547474671385959	0.0
0.0	0.038607595568676864	0.09335012575470211	0.038607595568676864	0.0	0.08835174953958529	0.09335012575470211	0.08835174953958529	0.0
0.0	0.012146940485768911	0.06744291096265388	0.012146940485768911	0.0	0.05328454750386642	0.06744291096265388	0.05328454750386642	0.0
0.0	0.032399791579395404	0.044381228163886254	0.032399791579395404	0.0	0.055783492246916144	0.044381228163886254	0.055783492246916144	0.0
0.0	0.025741190637187522	0.07494821221283088	0.025741190637187522	0.0	0.06333754309312853	0.07494821221283088	0.06333754309312853	0.0
0.0	-0.004911059489233962	0.12259158588743636	-0.004911059489233962	0.0	0.08074502773398576	0.12259158588743636	0.08074502773398576	0.0
0.0	0.02902873305842883	0.09716291740989615	0.02902873305842883	0.0	0.09061638220167322	0.09716291740989615	0.09061638220167322	0.0
0.0	0.008489389360407154	0.0773456684611678	0.008489389360407154	0.0	0.06404220969136844	0.0773456684611678	0.06404220969136844	0.0
0.0	0.014588027251828953	0.12710322888702644	0.014588027251828953	0.0	0.10007555009913464	0.12710322888702644	0.10007555009913464	0.0
0.0	0.012055672399146821	0.0890284088937969	0.012055672399146821	0.0	0.06705451743401201	0.0890284088937969	0.06705451743401201	0.0
0.0	0.011051855502254073	0.06984064463107519	0.011051855502254073	0.0	-0.00037534506651289834	0.06984064463107519	-0.00037534506651289834	0.0
0.0	0.006156804512458966	0.074603719835281	0.006156804512458966	0.0	0.06605263157891808	0.074603719835281	0.06605263157891808	0.0
0.0	0.025027586163706907	0.07582836347004238	0.025027586163706907	0.0	0.04755395532851687	0.07582836347004238	0.04755395532851687	0.0
0.0	0.025768791680753664	0.08730496227152075	0.025768791680753664	0.0	0.0644387279405748	0.08730496227152075	0.0644387279405748	0.0
0.0	0.030542284530186765	0.14951456510665231	0.030542284530186765	0.0	0.11068319164188113	0.14951456510665231	0.11068319164188113	0.0
0.0	0.015434394413643302	0.0372503178475761	0.015434394413643302	0.0	0.02944124042732101	0.0372503178475761	0.02944124042732101	0.0
0.0	0.019102129481309307	0.08253526915434815	0.019102129481309307	0.0	0.0436665080295938	0.08253526915434815	0.0436665080295938	0.0
0.0	0.011944678363908891	0.10750837953035294	0.011944678363908891	0.0	0.11386753289100814	0.10750837953035294	0.11386753289100814	0.0
0.0	0.04258804630801301	0.08508668768802817	0.04258804630801301	0.0	0.0525463277324307	0.08508668768802817	0.0525463277324307	0.0
0.0	0.018609852528894345	0.07580425090199086	0.018609852528894345	0.0	0.05314081914403713	0.07580425090199086	0.05314081914403713	0.0
0.0	0.014688948590534193	0.07645654212018499	0.014688948590534193	0.0	0.07883971223020074	0.07645654212018499	0.07883971223020074	0.0
0.0	0.009111881502157087	0.08935071683496694	0.009111881502157087	0.0	0.07072871377749713	0.08935071683496694	0.07072871377749713	0.0
0.0	0.016249854288018322	0.07800194605917934	0.016249854288018322	0.0	0.0690468676888055	0.07800194605917934	0.0690468676888055	0.0
0.0	0.009980808997278306	0.07672050339405606	0.009980808997278306	0.0	0.059465945236161666	0.07672050339405606	0.059465945236161666	0.0
0.0	0.012554790014445977	0.10867018686076226	0.012554790014445977	0.0	0.07243440380911467	0.10867018686076226	0.07243440380911467	0.0
0.0	0.004265572199908916	0.10452217844135679	0.004265572199908916	0.0	0.068626076507103	0.10452217844135679	0.068626076507103	0.0
0.0	0.004455633351500261	0.06332999255020944	0.004455633351500261	0.0	0.024549732076963537	0.06332999255020944	0.024549732076963537	0.0
0.0	0.036748948319903336	0.054339463591102796	0.036748948319903336	0.0	0.05225194020801987	0.054339463591102796	0.05225194020801987	0.0
0.0	0.008746243869027177	0.08990265672530692	0.008746243869027177	0.0	0.10679309846255755	0.08990265672530692	0.10679309846255755	0.0
0.0	0.015679756571269896	0.07927998769206725	0.015679756571269896	0.0	0.052375522614940606	0.07927998769206725	0.052375522614940606	0.0
0.0	0.01940349945229646	0.12508346990620203	0.01940349945229646	0.0	0.1043847962836216	0.12508346990620203	0.1043847962836216	0.0
0.0	0.022342016923848785	0.05114833605879281	0.022342016923848785	0.0	0.027933559173841244	0.05114833605879281	0.027933559173841244	0.0
0.0	0.009185954073364701	0.10003452858022331	0.009185954073364701	0.0	0.09640233000748713	0.10003452858022331	0.09640233000748713	0.0
0.0	0.00882638868177375	0.12090294960336866	0.00882638868177375	0.0	0.0867066943493394	0.12090294960336866	0.0867066943493394	0.0
0.0	0.037988895120205785	0.06117275229364412	0.037988895120205785	0.0	0.04440457078098224	0.06117275229364412	0.04440457078098224	0.0
0.0	-0.004383417734535226	0.06691101132870547	-0.004383417734535226	0.0	0.0595487134920049	0.06691101132870547	0.0595487134920049	0.0
0.0	0.022728628753068945	0.1445854849592769	0.022728628753068945	0.0	0.15131773763693002	0.1445854849592769	0.15131773763693002	0.0
0.0	0.020798979026354036	0.08776872017886021	0.020798979026354036	0.0	0.09110868941781992	0.08776872017886021	0.09110868941781992	0.0
0.0	0.03651680074581172	0.09239963481152597	0.03651680074581172	0.0	0.098426821996946	0.09239963481152597	0.098426821996946	0.0
0.0	0.001530426386638847	0.053953967616415514	0.001530426386638847	0.0	0.05649712248653082	0.053953967616415514	0.05649712248653082	0.0
0.0	0.011777141639857493	0.07627965023949025	0.011777141639857493	0.0	0.03086625677237923	0.07627965023949025	0.03086625677237923	0.0
0.0	0.01856862303655561	0.1692258285331337	0.01856862303655561	0.0	0.1632400589101529	0.1692258285331337	0.1632400589101529	0.0
0.0	0.026025779113461527	0.08209541871883758	0.026025779113461527	0.0	0.08022916441464799	0.08209541871883758	0.08022916441464799	0.0
0.0	0.017719978414717334	0.1223118655439031	0.017719978414717334	0.0	0.07490503614749797	0.1223118655439031	0.07490503614749797	0.0
0.0	0.01544963192923292	0.07600749717035697	0.01544963192923292	0.0	0.05195710175251897	0.07600749717035697	0.05195710175251897	0.0
0.0	0.012475837598950634	0.06828594815416314	0.012475837598950634	0.0	0.03253629376599906	0.06828594815416314	0.03253629376599906	0.0
0.0	0.014231978830570615	0.07681278233967859	0.014231978830570615	0.0	0.07168464292771985	0.07681278233967859	0.07168464292771985	0.0
0.0	0.0245088620238127	0.08804607116869517	0.0245088620238127	0.0	0.05795767971036987	0.08804607116869517	0.05795767971036987	0.0
0.0	0.035809742184873705	0.03493127841793688	0.035809742184873705	0.0	0.04212613362378916	0.03493127841793688	0.04212613362378916	0.0
0.0	0.02537665708169761	0.08800842993553208	0.02537665708169761	0.0	0.07582939531293954	0.08800842993553208	0.07582939531293954	0.0
0.0	0.006714735097919912	0.05552379968100309	0.006714735097919912	0.0	0.04364073219307131	0.05552379968100309	0.04364073219307131	0.0
0.0	0.009972293686891082	0.051736445680914844	0.009972293686891082	0.0	0.01894416980360706	0.051736445680914844	0.01894416980360706	0.0
0.0	0.00025513018349325353	0.0616514992835781	0.00025513018349325353	0.0	0.07521644898837256	0.0616514992835781	0.07521644898837256	0.0
0.0	0.018425425402727017	0.09747589427949098	0.018425425402727017	0.0	0.08580054342354919	0.09747589427949098	0.08580054342354919	0.0
0.0	0.02140032687043428	0.07713508467559652	0.02140032687043428	0.0	0.0926746966412367	0.07713508467559652	0.0926746966412367	0.0
0.0	-5.3008593246779615e-06	0.09380006386142738	-5.3008593246779615e-06	0.0	0.07420534532250882	0.09380006386142738	0.07420534532250882	0.0
0.0	0.013399743429415766	0.08408680718946901	0.013399743429415766	0.0	0.08204364948696632	0.08408680718946901	0.08204364948696632	0.0
0.0	0.020199290214443298	0.07575434878383949	0.020199290214443298	0.0	0.08663709988428146	0.07575434878383949	0.08663709988428146	0.0
0.0	0.026304090803572357	0.09481136829812456	0.026304090803572357	0.0	0.08446201229472525	0.09481136829812456	0.08446201229472525	0.0
0.0	0.0026307367047118096	0.06026767587491295	0.0026307367047118096	0.0	0.026650541885613797	0.06026767587491295	0.026650541885613797	0.0
0.0	0.028781289304401582	0.12827966931358495	0.028781289304401582	0.0	0.1255809683379135	0.12827966931358495	0.1255809683379135	0.0
0.0	0.020895217596422377	0.07192757205157849	0.020895217596422377	0.0	0.04434415388540896	0.07192757205157849	0.04434415388540896	0.0
0.0	-0.0024120121788453316	0.14037687614473474	-0.0024120121788453316	0.0	0.09999179895727503	0.14037687614473474	0.09999179895727503	0.0
0.0	0.037125375101676725	0.08817110579936008	0.037125375101676725	0.0	0.06267098032684294	0.08817110579936008	0.06267098032684294	0.0
0.0	0.011189111607943822	0.07892631952572121	0.011189111607943822	0.0	0.02746926569939779	0.07892631952572121	0.02746926569939779	0.0
0.0	0.015422208618322511	0.07384591567877949	0.015422208618322511	0.0	0.07491625491998687	0.07384591567877949	0.07491625491998687	0.0
0.0	0.038050897512520956	0.06393973577319251	0.038050897512520956	0.0	0.03829617834393565	0.06393973577319251	0.03829617834393565	0.0
0.0	0.023312070162628377	0.07903143617172001	0.023312070162628377	0.0	0.057748914923452174	0.07903143617172001	0.057748914923452174	0.0
0.0	0.017466881159517045	0.08001363422771242	0.017466881159517045	0.0	0.0859987554449052	0.08001363422771242	0.0859987554449052	0.0
0.0	0.024118246591706787	0.10641142685236478	0.024118246591706787	0.0	0.13269543158501002	0.10641142685236478	0.13269543158501002	0.0
0.0	0.011628154488506659	0.0725723979554953	0.011628154488506659	0.0	0.048476331208055196	0.0725723979554953	0.048476331208055196	0.0
0.0	0.01571673111092034	0.04731755593748021	0.01571673111092034	0.0	0.05886391216410178	0.04731755593748021	0.05886391216410178	0.0
0.0	0.010215476930944392	0.09311869165667737	0.010215476930944392	0.0	0.07245348548746994	0.09311869165667737	0.07245348548746994	0.0
0.0	0.013873009189953227	0.07210733552643292	0.013873009189953227	0.0	0.057983041674181765	0.07210733552643292	0.057983041674181765	0.0
0.0	0.02669082468407541	0.08012226357420515	0.02669082468407541	0.0	0.0957564057135105	0.08012226357420515	0.0957564057135105	0.0
0.0	-0.001705314662370442	0.06130472499105763	-0.001705314662370442	0.0	0.05721441523117107	0.06130472499105763	0.05721441523117107	0.0
0.0	0.020263870933802178	0.09217090341531187	0.020263870933802178	0.0	0.0558541332331649	0.09217090341531187	0.0558541332331649	0.0
0.0	0.004685081162465904	0.06599646227960144	0.004685081162465904	0.0	0.04390402643403006	0.06599646227960144	0.04390402643403006	0.0
0.0	0.014111866525572872	0.06958221035230247	0.014111866525572872	0.0	0.03636864160520304	0.06958221035230247	0.03636864160520304	0.0
0.0	0.024642313373444517	0.11024929551148516	0.024642313373444517	0.0	0.09373116204434269	0.11024929551148516	0.09373116204434269	0.0
0.0	0.031063344075723715	0.08355070259437637	0.031063344075723715	0.0	0.044858224898024095	0.08355070259437637	0.044858224898024095	0.0
0.0	0.02920052468498099	0.10472787729872683	0.02920052468498099	0.0	0.08586066052046562	0.10472787729872683	0.08586066052046562	0.0
0.0	0.007697840475761613	0.08933435357526612	0.007697840475761613	0.0	0.0703234718544818	0.08933435357526612	0.0703234718544818	0.0
0.0	0.018003888662353924	0.08896043171650068	0.018003888662353924	0.0	0.05404967602589635	0.08896043171650068	0.05404967602589635	0.0
0.0	0.016973995331838295	0.06977575348809191	0.016973995331838295	0.0	0.04268926989018207	0.06977575348809191	0.04268926989018207	0.0
0.0	0.0036903039073572694	0.10540749767220119	0.0036903039073572694	0.0	0.07831989817562822	0.10540749767220119	0.07831989817562822	0.0
0.0	0.036433871351213565	0.11611625029604923	0.036433871351213565	0.0	0.09093728797126446	0.11611625029604923	0.09093728797126446	0.0
0.0	0.008661846948293974	0.06758464079177678	0.008661846948293974	0.0	0.048386350068832455	0.06758464079177678	0.048386350068832455	0.0
0.0	0.0021194160302511027	0.08146668122690705	0.0021194160302511027	0.0	0.06336244089323138	0.08146668122690705	0.06336244089323138	0.0
0.0	0.07339257785979908	0.08213378260449698	0.07339257785979908	0.0	0.11370209080190886	0.08213378260449698	0.11370209080190886	0.0
0.0	0.009902688861551602	0.0965166924527046	0.009902688861551602	0.0	0.05307599517490168	0.0965166924527046	0.05307599517490168	0.0
0.0	0.018754719214987062	0.05567902133278905	0.018754719214987062	0.0	0.038089692491455045	0.05567902133278905	0.038089692491455045	0.0
0.0	0.023882893054853336	0.07561883483297262	0.023882893054853336	0.0	0.06938199345841613	0.07561883483297262	0.06938199345841613	0.0
0.0	0.013759643136732417	0.13414478779893282	0.013759643136732417	0.0	0.10129909791391005	0.13414478779893282	0.10129909791391005	0.0
0.0	0.02277290070057298	0.09001157010676386	0.02277290070057298	0.0	0.03484109635109053	0.09001157010676386	0.03484109635109053	0.0
0.0	0.017299408129572005	0.07543819784140525	0.017299408129572005	0.0	0.07221262892611573	0.07543819784140525	0.07221262892611573	0.0
0.0	0.018529256090087654	0.11959434898590049	0.018529256090087654	0.0	0.06500158746955882	0.11959434898590049	0.06500158746955882	0.0
0.0	0.01362342764394938	0.047805406184444926	0.01362342764394938	0.0	0.021730942087894334	0.047805406184444926	0.021730942087894334	0.0
0.0	0.004576336721142005	0.056819296434639635	0.004576336721142005	0.0	0.043029059247830584	0.056819296434639635	0.043029059247830584	0.0
0.0	0.007372812459217945	0.0688630341482286	0.007372812459217945	0.0	0.041923710474440136	0.0688630341482286	0.041923710474440136	0.0
0.0	0.02267595850342685	0.06855649574938362	0.02267595850342685	0.0	0.06857102151301882	0.06855649574938362	0.06857102151301882	0.0
0.0	0.005763570520784364	0.073328918210743	0.005763570520784364	0.0	0.04763220337092534	0.073328918210743	0.04763220337092534	0.0
0.0	0.01587075205290813	0.07370367060165946	0.01587075205290813	0.0	0.08807219031991434	0.07370367060165946	0.08807219031991434	0.0
0.0	0.01394802855371976	0.07910465443875589	0.01394802855371976	0.0	0.09289704312420079	0.07910465443875589	0.09289704312420079	0.0
0.0	0.03321492606696044	0.09793465767409948	0.03321492606696044	0.0	0.07927537532531397	0.09793465767409948	0.07927537532531397	0.0
0.0	0.011181991376692572	0.11149144203733988	0.011181991376692572	0.0	0.07968400593531466	0.11149144203733988	0.07968400593531466	0.0
0.0	0.02651088112188895	0.06944650018896664	0.02651088112188895	0.0	0.061227884469972745	0.06944650018896664	0.061227884469972745	0.0
0.0	0.011815509328049341	0.11829712881782425	0.011815509328049341	0.0	0.08135146557938255	0.11829712881782425	0.08135146557938255	0.0
0.0	0.02031682249996028	0.09872138355100504	0.02031682249996028	0.0	0.1121305262184644	0.09872138355100504	0.1121305262184644	0.0
0.0	0.041335724018742234	0.0595989721069985	0.041335724018742234	0.0	0.05849467415200884	0.0595989721069985	0.05849467415200884	0.0
0.0	0.009473431094293461	0.08118311455001632	0.009473431094293461	0.0	0.05176791475865163	0.08118311455001632	0.05176791475865163	0.0
0.0	0.037890966189848975	0.06992489231009813	0.037890966189848975	0.0	0.05886198291918569	0.06992489231009813	0.05886198291918569	0.0
0.0	0.019445620609100017	0.08696755641841783	0.019445620609100017	0.0	0.07644710578840762	0.08696755641841783	0.07644710578840762	0.0
0.0	0.036473783756852104	0.058005631137395285	0.036473783756852104	0.0	0.08590585470378574	0.058005631137395285	0.08590585470378574	0.0
0.0	0.006039222755158307	0.07575825960760561	0.006039222755158307	0.0	0.028431944487073056	0.07575825960760561	0.028431944487073056	0.0
0.0	0.0042824438589732965	0.103069304977993	0.0042824438589732965	0.0	0.07296859825185414	0.103069304977993	0.07296859825185414	0.0
0.0	0.015543475333624015	0.08212161194601998	0.015543475333624015	0.0	0.08287392345087108	0.08212161194601998	0.08287392345087108	0.0
0.0	0.016396151407830645	0.08680651017083459	0.016396151407830645	0.0	0.039665135575626786	0.08680651017083459	0.039665135575626786	0.0
0.0	0.0062407820666373175	0.12353080773578567	0.0062407820666373175	0.0	0.10740675536329884	0.12353080773578567	0.10740675536329884	0.0
0.0	0.016266809662388575	0.07050276636306238	0.016266809662388575	0.0	0.03648055315470079	0.07050276636306238	0.03648055315470079	0.0
0.0	0.020457363292669204	0.07460475441669671	0.020457363292669204	0.0	0.06121288908672792	0.07460475441669671	0.06121288908672792	0.0
0.0	0.02912580809884468	0.07276941403599511	0.02912580809884468	0.0	0.05268248790912427	0.07276941403599511	0.05268248790912427	0.0
0.0	0.025494847271600965	0.0834570340567259	0.025494847271600965	0.0	0.039333549013245886	0.0834570340567259	0.039333549013245886	0.0
0.0	0.02762124954063193	0.10658912389816438	0.02762124954063193	0.0	0.12604939859024716	0.10658912389816438	0.12604939859024716	0.0
0.0	0.022069371531542318	0.07342301480428091	0.022069371531542318	0.0	0.052421275469675926	0.07342301480428091	0.052421275469675926	0.0
0.0	0.02098599090341286	0.09293483717997407	0.02098599090341286	0.0	0.07440933354352633	0.09293483717997407	0.07440933354352633	0.0
0.0	0.005751682496473576	0.07284813416457633	0.005751682496473576	0.0	0.05186161661626009	0.07284813416457633	0.05186161661626009	0.0
0.0	0.025209137144668447	0.06031634043468959	0.025209137144668447	0.0	0.03774109352224721	0.06031634043468959	0.03774109352224721	0.0
0.0	-0.0005220269411156266	0.0994683321605387	-0.0005220269411156266	0.0	0.07093391589295414	0.0994683321605387	0.07093391589295414	0.0
0.0	0.009763923846877454	0.09037539605188491	0.009763923846877454	0.0	0.05924692426514295	0.09037539605188491	0.05924692426514295	0.0
0.0	0.011078990684392533	0.10519333253166588	0.011078990684392533	0.0	0.11239418918418315	0.10519333253166588	0.11239418918418315	0.0
0.0	0.003524315616775013	0.0688510210484451	0.003524315616775013	0.0	0.04586714627775108	0.0688510210484451	0.04586714627775108	0.0
0.0	0.01893008859952834	0.09648560090130259	0.01893008859952834	0.0	0.10083969207531224	0.09648560090130259	0.10083969207531224	0.0
0.0	0.0243175373134071	0.08439772259347507	0.0243175373134071	0.0	0.07106021234816187	0.08439772259347507	0.07106021234816187	0.0
0.0	0.01204482983732812	0.11760723991037712	0.01204482983732812	0.0	0.08920454545453418	0.11760723991037712	0.08920454545453418	0.0
0.0	0.017957425924027375	0.08182349558589991	0.017957425924027375	0.0	0.050747960108785	0.08182349558589991	0.050747960108785	0.0
0.0	0.01955784793545569	0.07571230349757715	0.01955784793545569	0.0	0.04267383224033293	0.07571230349757715	0.04267383224033293	0.0
0.0	0.03373941378971629	0.03926116016177383	0.03373941378971629	0.0	0.04950570605985451	0.03926116016177383	0.04950570605985451	0.0
0.0	0.010780972191466006	0.09710815061563154	0.010780972191466006	0.0	0.09384952407792571	0.09710815061563154	0.09384952407792571	0.0
0.0	0.01995811967670126	0.06468412089667272	0.01995811967670126	0.0	0.022612999010202844	0.06468412089667272	0.022612999010202844	0.0
0.0	0.05105006420672797	0.09540396953471415	0.05105006420672797	0.0	0.09232612792886945	0.09540396953471415	0.09232612792886945	0.0
0.0	0.06253211023443755	0.11471428360753172	0.06253211023443755	0.0	0.13816023054752524	0.11471428360753172	0.13816023054752524	0.0
0.0	0.03143842006211272	0.07338723952516626	0.03143842006211272	0.0	0.08818524201421288	0.07338723952516626	0.08818524201421288	0.0
0.0	0.004749927277981945	0.11535081764648542	0.004749927277981945	0.0	0.08733347297859749	0.11535081764648542	0.08733347297859749	0.0
0.0	0.02273577705597519	0.08819056285387898	0.02273577705597519	0.0	0.09632626818018276	0.08819056285387898	0.09632626818018276	0.0
0.0	0.005433566041623805	0.07795609473096114	0.005433566041623805	0.0	0.04893468261268455	0.07795609473096114	0.04893468261268455	0.0
0.0	0.01251489203103635	0.0934623386272922	0.01251489203103635	0.0	0.0755017117563421	0.0934623386272922	0.0755017117563421	0.0
0.0	0.014310050603634055	0.08339881329203334	0.014310050603634055	0.0	0.03262739693578164	0.08339881329203334	0.03262739693578164	0.0
0.0	0.03491791174026934	0.08132457018770511	0.03491791174026934	0.0	0.05365701404541215	0.08132457018770511	0.05365701404541215	0.0
0.0	0.024307357865624064	0.07873687159885757	0.024307357865624064	0.0	0.028971091078633895	0.07873687159885757	0.028971091078633895	0.0
