population in sample
0	0	1

generation in sample
0.0	1000.0	1000.0

expected_linearlized_fst_array
0.0	0.025	0.07495	0.025	0.0	0.04995	0.07495	0.04995	0.0	

mean_linearlized_fst_array
0.0	0.0249541743316133	0.5440984534925389	0.0249541743316133	0.0	0.5076934754245531	0.5440984534925389	0.5076934754245531	0.0

median_linearlized_fst_array
0.0	0.02378872395735763	0.5298931201199703	0.02378872395735763	0.0	0.49377220581012493	0.5298931201199703	0.49377220581012493	0.0

std_linearlized_fst_array
0.0	0.011679351917481698	0.12609681917856333	0.011679351917481698	0.0	0.12636349745658348	0.12609681917856333	0.12636349745658348	0.0

linearlized_fst_array
0.0	0.021513864040913117	0.38921097515203024	0.021513864040913117	0.0	0.3644012944983623	0.38921097515203024	0.3644012944983623	0.0
0.0	0.04105907259612104	0.413651643474357	0.04105907259612104	0.0	0.37791359703521105	0.413651643474357	0.37791359703521105	0.0
0.0	0.02289591614407821	0.44314101219461155	0.02289591614407821	0.0	0.4553643089446336	0.44314101219461155	0.4553643089446336	0.0
0.0	0.02805792906105866	0.5722997062789316	0.02805792906105866	0.0	0.5164585937382046	0.5722997062789316	0.5164585937382046	0.0
0.0	0.029015723059790482	0.7255133391128873	0.029015723059790482	0.0	0.6913847753534053	0.7255133391128873	0.6913847753534053	0.0
0.0	0.032090198521480005	0.44923468381637244	0.032090198521480005	0.0	0.42822472855059435	0.44923468381637244	0.42822472855059435	0.0
0.0	0.00947846724040821	0.45015732955482024	0.00947846724040821	0.0	0.45130629662602506	0.45015732955482024	0.45130629662602506	0.0
0.0	0.02484245079736907	0.7835988714290348	0.02484245079736907	0.0	0.6225904928041556	0.7835988714290348	0.6225904928041556	0.0
0.0	0.047408741214756744	0.6400691117723855	0.047408741214756744	0.0	0.6918844719805441	0.6400691117723855	0.6918844719805441	0.0
0.0	0.03679270299776614	0.6249222590611807	0.03679270299776614	0.0	0.5770859154231183	0.6249222590611807	0.5770859154231183	0.0
0.0	0.027903811326467482	0.44832520701950795	0.027903811326467482	0.0	0.480447718900524	0.44832520701950795	0.480447718900524	0.0
0.0	0.00870639489605309	0.4903192596119738	0.00870639489605309	0.0	0.38666565001905717	0.4903192596119738	0.38666565001905717	0.0
0.0	0.026363132610441233	0.6418331783969518	0.026363132610441233	0.0	0.648906163638622	0.6418331783969518	0.648906163638622	0.0
0.0	0.026226704903761108	0.6336498828291791	0.026226704903761108	0.0	0.6285564187467598	0.6336498828291791	0.6285564187467598	0.0
0.0	0.02680173747183923	0.4133409296672716	0.02680173747183923	0.0	0.38461538461534206	0.4133409296672716	0.38461538461534206	0.0
0.0	0.03444615693261699	0.7639785684409651	0.03444615693261699	0.0	0.7777166920107373	0.7639785684409651	0.7777166920107373	0.0
0.0	0.012711146771899424	0.6422074489886797	0.012711146771899424	0.0	0.6106794689658299	0.6422074489886797	0.6106794689658299	0.0
0.0	0.008686464463495252	0.3492709643643539	0.008686464463495252	0.0	0.30679994539414357	0.3492709643643539	0.30679994539414357	0.0
0.0	0.02212990764246592	0.590584749653407	0.02212990764246592	0.0	0.5541042720488574	0.590584749653407	0.5541042720488574	0.0
0.0	0.03586936937723699	0.37369369903047506	0.03586936937723699	0.0	0.3680372255027108	0.37369369903047506	0.3680372255027108	0.0
0.0	0.02317106155688938	0.29679659649249673	0.02317106155688938	0.0	0.2664050422166601	0.29679659649249673	0.2664050422166601	0.0
0.0	0.03592252077583636	0.8219011201436078	0.03592252077583636	0.0	0.7737587345207901	0.8219011201436078	0.7737587345207901	0.0
0.0	0.03152766086952078	0.5704331094895467	0.03152766086952078	0.0	0.5272177887967534	0.5704331094895467	0.5272177887967534	0.0
0.0	0.044786490779254	0.4421013205445821	0.044786490779254	0.0	0.4272349148815731	0.4421013205445821	0.4272349148815731	0.0
0.0	0.01715181404893875	0.5437531498391346	0.01715181404893875	0.0	0.5171448392815592	0.5437531498391346	0.5171448392815592	0.0
0.0	0.040521418299440136	0.5296614180231217	0.040521418299440136	0.0	0.47771773409931045	0.5296614180231217	0.47771773409931045	0.0
0.0	0.035407925963958274	0.5564579129331397	0.035407925963958274	0.0	0.4120172413792977	0.5564579129331397	0.4120172413792977	0.0
0.0	0.011241402852306959	0.5616177673043506	0.011241402852306959	0.0	0.5113611393126499	0.5616177673043506	0.5113611393126499	0.0
0.0	0.007451859261478813	0.538882051809115	0.007451859261478813	0.0	0.5148685546008923	0.538882051809115	0.5148685546008923	0.0
0.0	0.058161530494006235	0.6270362753090959	0.058161530494006235	0.0	0.6300896080453378	0.6270362753090959	0.6300896080453378	0.0
0.0	0.029029044153969036	0.6356671947404798	0.029029044153969036	0.0	0.6341704501666598	0.6356671947404798	0.6341704501666598	0.0
0.0	0.010447663803618595	0.5186978659195272	0.010447663803618595	0.0	0.46823122529639966	0.5186978659195272	0.46823122529639966	0.0
0.0	0.01781350565365058	0.4542336736722742	0.01781350565365058	0.0	0.4049302451577762	0.4542336736722742	0.4049302451577762	0.0
0.0	0.021385867143822682	0.44627320352886357	0.021385867143822682	0.0	0.38620056477524356	0.44627320352886357	0.38620056477524356	0.0
0.0	0.023818109247494827	0.631143105398329	0.023818109247494827	0.0	0.5506724939213603	0.631143105398329	0.5506724939213603	0.0
0.0	0.0237867930246603	0.3381632909092217	0.0237867930246603	0.0	0.24671758100694555	0.3381632909092217	0.24671758100694555	0.0
0.0	0.02961143505487543	0.4330272174062043	0.02961143505487543	0.0	0.4080722397044667	0.4330272174062043	0.4080722397044667	0.0
0.0	0.013911613714585424	0.5505563833839173	0.013911613714585424	0.0	0.4905115263515713	0.5505563833839173	0.4905115263515713	0.0
0.0	0.040310938250790386	0.586061796512261	0.040310938250790386	0.0	0.6666057025805909	0.586061796512261	0.6666057025805909	0.0
0.0	0.012861793496612747	0.5919375865044485	0.012861793496612747	0.0	0.549628305260168	0.5919375865044485	0.549628305260168	0.0
0.0	0.010072955171550239	0.7473785566219618	0.010072955171550239	0.0	0.7098584525681719	0.7473785566219618	0.7098584525681719	0.0
0.0	0.04267513146863253	0.5870900189870236	0.04267513146863253	0.0	0.4736611567605473	0.5870900189870236	0.4736611567605473	0.0
0.0	0.04423041705947515	0.5637754236425336	0.04423041705947515	0.0	0.5961023520289414	0.5637754236425336	0.5961023520289414	0.0
0.0	0.04044856524887008	0.6207757051099707	0.04044856524887008	0.0	0.5314135350710995	0.6207757051099707	0.5314135350710995	0.0
0.0	0.03929386933946011	0.582460908208916	0.03929386933946011	0.0	0.5326450025893263	0.582460908208916	0.5326450025893263	0.0
0.0	0.027596623855667694	0.6117289834392153	0.027596623855667694	0.0	0.5232568337962087	0.6117289834392153	0.5232568337962087	0.0
0.0	0.006687284211927739	0.51384582377235	0.006687284211927739	0.0	0.5304226227470389	0.51384582377235	0.5304226227470389	0.0
0.0	0.025595155008185853	0.5469598888524563	0.025595155008185853	0.0	0.5092287674093531	0.5469598888524563	0.5092287674093531	0.0
0.0	0.051348905977092615	0.7630306076780792	0.051348905977092615	0.0	0.7327503200562241	0.7630306076780792	0.7327503200562241	0.0
0.0	0.033090202373544104	0.4852376386773533	0.033090202373544104	0.0	0.42649110891577957	0.4852376386773533	0.42649110891577957	0.0
0.0	0.0211133696866727	0.525682937073326	0.0211133696866727	0.0	0.5210815081419765	0.525682937073326	0.5210815081419765	0.0
0.0	0.04114893053009841	0.6957657793927604	0.04114893053009841	0.0	0.7131246943764898	0.6957657793927604	0.7131246943764898	0.0
0.0	0.022378600455055814	0.5142050421207867	0.022378600455055814	0.0	0.45887142230849975	0.5142050421207867	0.45887142230849975	0.0
0.0	0.018648900079481223	0.3848558148050281	0.018648900079481223	0.0	0.3243487014294103	0.3848558148050281	0.3243487014294103	0.0
0.0	0.03252944754891364	0.5526063263012446	0.03252944754891364	0.0	0.5162146398366544	0.5526063263012446	0.5162146398366544	0.0
0.0	0.03820120678558515	0.5015684689242033	0.03820120678558515	0.0	0.416520603598354	0.5015684689242033	0.416520603598354	0.0
0.0	0.019711017261124137	0.6910771075348293	0.019711017261124137	0.0	0.695129333616881	0.6910771075348293	0.695129333616881	0.0
0.0	0.031157047466421114	0.5861091545511912	0.031157047466421114	0.0	0.5800390801142048	0.5861091545511912	0.5800390801142048	0.0
0.0	0.028803031108020856	0.43906711390941205	0.028803031108020856	0.0	0.39676674364895165	0.43906711390941205	0.39676674364895165	0.0
0.0	0.018967735486909203	0.5428555872142833	0.018967735486909203	0.0	0.508005049405789	0.5428555872142833	0.508005049405789	0.0
0.0	0.025818465928714795	0.46607282086786506	0.025818465928714795	0.0	0.4594961489088445	0.46607282086786506	0.4594961489088445	0.0
0.0	0.040832340343756664	0.5601181402627436	0.040832340343756664	0.0	0.590370927238082	0.5601181402627436	0.590370927238082	0.0
0.0	0.03356888408354066	0.6754931640491575	0.03356888408354066	0.0	0.6659192315804705	0.6754931640491575	0.6659192315804705	0.0
0.0	0.0178978464612263	0.5126558252709115	0.0178978464612263	0.0	0.4701096756050247	0.5126558252709115	0.4701096756050247	0.0
0.0	0.023993313311482987	0.4858296593623929	0.023993313311482987	0.0	0.41901571903097545	0.4858296593623929	0.41901571903097545	0.0
0.0	0.02980559677503201	0.6987661387620997	0.02980559677503201	0.0	0.6379729148753212	0.6987661387620997	0.6379729148753212	0.0
0.0	0.02037964408364302	0.5839538716015087	0.02037964408364302	0.0	0.5859114833327504	0.5839538716015087	0.5859114833327504	0.0
0.0	0.018949604651068916	0.5479351552534856	0.018949604651068916	0.0	0.4813638849707616	0.5479351552534856	0.4813638849707616	0.0
0.0	0.023910093821096944	0.6250002308611229	0.023910093821096944	0.0	0.6130042365076332	0.6250002308611229	0.6130042365076332	0.0
0.0	0.021169199922139306	0.4182909903167838	0.021169199922139306	0.0	0.3859169550172779	0.4182909903167838	0.3859169550172779	0.0
0.0	0.030659043750673295	0.5971046996073711	0.030659043750673295	0.0	0.5025511841345124	0.5971046996073711	0.5025511841345124	0.0
0.0	0.03690679742327744	0.44086906033409623	0.03690679742327744	0.0	0.3777702510465643	0.44086906033409623	0.3777702510465643	0.0
0.0	0.054538662414571816	0.6752880653902608	0.054538662414571816	0.0	0.7298398169336249	0.6752880653902608	0.7298398169336249	0.0
0.0	0.011452318094221342	0.5965049914880554	0.011452318094221342	0.0	0.5504605641911094	0.5965049914880554	0.5504605641911094	0.0
0.0	0.025181019697715943	0.4228131696996576	0.025181019697715943	0.0	0.3958602182958316	0.4228131696996576	0.3958602182958316	0.0
0.0	0.02325056855468443	0.44738212238455377	0.02325056855468443	0.0	0.44155504048641514	0.44738212238455377	0.44155504048641514	0.0
0.0	0.030658010919966474	0.5135038155519739	0.030658010919966474	0.0	0.47709230910254885	0.5135038155519739	0.47709230910254885	0.0
0.0	0.03011449595814784	0.5411336823467016	0.03011449595814784	0.0	0.6028039373044631	0.5411336823467016	0.6028039373044631	0.0
0.0	0.02415505657294207	0.5193245313686475	0.02415505657294207	0.0	0.49690094802222645	0.5193245313686475	0.49690094802222645	0.0
0.0	0.027215372877315295	0.8209322605447887	0.027215372877315295	0.0	0.7144810717660384	0.8209322605447887	0.7144810717660384	0.0
0.0	0.031987202521510445	0.5447623931839367	0.031987202521510445	0.0	0.484622320871184	0.5447623931839367	0.484622320871184	0.0
0.0	0.0013975689066538137	0.5117637759687712	0.0013975689066538137	0.0	0.4709579224403008	0.5117637759687712	0.4709579224403008	0.0
0.0	0.047473920430461246	0.666681502893654	0.047473920430461246	0.0	0.6139930267308312	0.666681502893654	0.6139930267308312	0.0
0.0	0.020005720778170172	0.5300387226463382	0.020005720778170172	0.0	0.556887402309174	0.5300387226463382	0.556887402309174	0.0
0.0	0.01725989230379294	0.4899303957973512	0.01725989230379294	0.0	0.4301108774901935	0.4899303957973512	0.4301108774901935	0.0
0.0	0.02497641708412619	0.7888433089260336	0.02497641708412619	0.0	0.7601769911504102	0.7888433089260336	0.7601769911504102	0.0
0.0	0.016559436725247435	0.732770626209831	0.016559436725247435	0.0	0.6601359261185991	0.732770626209831	0.6601359261185991	0.0
0.0	0.01812147381282609	0.4555587414894685	0.01812147381282609	0.0	0.41690873557074254	0.4555587414894685	0.41690873557074254	0.0
0.0	0.04205910482823285	0.8739207204340056	0.04205910482823285	0.0	0.8154105029585328	0.8739207204340056	0.8154105029585328	0.0
0.0	0.0312157006081156	0.5203341787767749	0.0312157006081156	0.0	0.5201045712578273	0.5203341787767749	0.5201045712578273	0.0
0.0	0.010223456316176553	0.3764304682523299	0.010223456316176553	0.0	0.3514917951267735	0.3764304682523299	0.3514917951267735	0.0
0.0	0.028787275442299982	0.4745944033352055	0.028787275442299982	0.0	0.39266398115071083	0.4745944033352055	0.39266398115071083	0.0
0.0	0.02052489764000892	0.6960233139814843	0.02052489764000892	0.0	0.6384020175388159	0.6960233139814843	0.6384020175388159	0.0
0.0	0.01948743687216525	0.5866148042253376	0.01948743687216525	0.0	0.5901044965167489	0.5866148042253376	0.5901044965167489	0.0
0.0	0.034803167897670115	0.3873562948500689	0.034803167897670115	0.0	0.3710082745939079	0.3873562948500689	0.3710082745939079	0.0
0.0	0.02975955536944583	0.5433934434613311	0.02975955536944583	0.0	0.5032184088588391	0.5433934434613311	0.5032184088588391	0.0
0.0	0.02496146089019328	0.7341971161941266	0.02496146089019328	0.0	0.693110676113383	0.7341971161941266	0.693110676113383	0.0
0.0	0.004147340305053663	0.5906976306368231	0.004147340305053663	0.0	0.49769181721570477	0.5906976306368231	0.49769181721570477	0.0
0.0	0.01732529363715448	0.5456286437572725	0.01732529363715448	0.0	0.4240960425168351	0.5456286437572725	0.4240960425168351	0.0
0.0	0.01326399886772857	0.4286270342122643	0.01326399886772857	0.0	0.2995314146736886	0.4286270342122643	0.2995314146736886	0.0
0.0	0.04546955431321335	0.3378666129652308	0.04546955431321335	0.0	0.38349730338408866	0.3378666129652308	0.38349730338408866	0.0
0.0	0.021034203791922338	0.4289395202635719	0.021034203791922338	0.0	0.35669425647333614	0.4289395202635719	0.35669425647333614	0.0
0.0	0.025046681035438827	0.630665259462873	0.025046681035438827	0.0	0.6220116253892923	0.630665259462873	0.6220116253892923	0.0
0.0	0.02577404440846487	0.4297238011350801	0.02577404440846487	0.0	0.44537992565053725	0.4297238011350801	0.44537992565053725	0.0
0.0	0.010451067516494201	0.6139036380110977	0.010451067516494201	0.0	0.49735811115347234	0.6139036380110977	0.49735811115347234	0.0
0.0	0.023783929352637536	0.3995314603678152	0.023783929352637536	0.0	0.3441061066592781	0.3995314603678152	0.3441061066592781	0.0
0.0	0.018480555104527136	0.826757701519794	0.018480555104527136	0.0	0.7400499312540431	0.826757701519794	0.7400499312540431	0.0
0.0	0.012247209430530539	0.5167958213098454	0.012247209430530539	0.0	0.4729649962533987	0.5167958213098454	0.4729649962533987	0.0
0.0	0.01613591626082466	0.6218765703237761	0.01613591626082466	0.0	0.5886376359225578	0.6218765703237761	0.5886376359225578	0.0
0.0	0.010644480062757249	0.5049846403621205	0.010644480062757249	0.0	0.49312779282046365	0.5049846403621205	0.49312779282046365	0.0
0.0	0.03167895022864686	0.4456630866509214	0.03167895022864686	0.0	0.3688638960726409	0.4456630866509214	0.3688638960726409	0.0
0.0	0.021632692232713715	0.4364653362271155	0.021632692232713715	0.0	0.39877335615460224	0.4364653362271155	0.39877335615460224	0.0
0.0	0.023962939763508283	0.5483997148477208	0.023962939763508283	0.0	0.48281805286516927	0.5483997148477208	0.48281805286516927	0.0
0.0	0.028836316102757525	0.44455423180282916	0.028836316102757525	0.0	0.47774693972945564	0.44455423180282916	0.47774693972945564	0.0
0.0	0.024618199240219737	0.6586614711937214	0.024618199240219737	0.0	0.6256352146436557	0.6586614711937214	0.6256352146436557	0.0
0.0	0.02069105685636707	0.39264166943205236	0.02069105685636707	0.0	0.3848741954359115	0.39264166943205236	0.3848741954359115	0.0
0.0	0.013698117003827845	0.3323749299829829	0.013698117003827845	0.0	0.2903940781310114	0.3323749299829829	0.2903940781310114	0.0
0.0	0.021157384190299163	0.6697849236748753	0.021157384190299163	0.0	0.6038505218754899	0.6697849236748753	0.6038505218754899	0.0
0.0	0.009467016473763459	0.4726418651322816	0.009467016473763459	0.0	0.41854247657892496	0.4726418651322816	0.41854247657892496	0.0
0.0	0.03097683645211145	0.45369060970340175	0.03097683645211145	0.0	0.374666442614673	0.45369060970340175	0.374666442614673	0.0
0.0	0.021060720282884082	0.4989049274443966	0.021060720282884082	0.0	0.49082172456352496	0.4989049274443966	0.49082172456352496	0.0
0.0	0.010595635995782188	0.5094380514932363	0.010595635995782188	0.0	0.47667671035925496	0.5094380514932363	0.47667671035925496	0.0
0.0	0.019699897325815646	0.6724111260722866	0.019699897325815646	0.0	0.5980878808675988	0.6724111260722866	0.5980878808675988	0.0
0.0	0.021036808585828258	0.6891827044572572	0.021036808585828258	0.0	0.7054534917415083	0.6891827044572572	0.7054534917415083	0.0
0.0	0.018934900728827034	0.6491464014076133	0.018934900728827034	0.0	0.5814318627869165	0.6491464014076133	0.5814318627869165	0.0
0.0	0.049493178647711925	0.6475063376069575	0.049493178647711925	0.0	0.5513243115159536	0.6475063376069575	0.5513243115159536	0.0
0.0	0.0444619001806959	0.5270644421031107	0.0444619001806959	0.0	0.3999092943981725	0.5270644421031107	0.3999092943981725	0.0
0.0	0.01620916133127006	0.5243370442346162	0.01620916133127006	0.0	0.42263236450591835	0.5243370442346162	0.42263236450591835	0.0
0.0	0.014708618536998114	0.5724171218995181	0.014708618536998114	0.0	0.4373225358316593	0.5724171218995181	0.4373225358316593	0.0
0.0	0.017108149830827094	0.49754849319174116	0.017108149830827094	0.0	0.44545380301624554	0.49754849319174116	0.44545380301624554	0.0
0.0	0.039413947247455186	0.43845759442541415	0.039413947247455186	0.0	0.46879223957115307	0.43845759442541415	0.46879223957115307	0.0
0.0	0.02300483303897215	0.6589367519710052	0.02300483303897215	0.0	0.6591859071245895	0.6589367519710052	0.6591859071245895	0.0
0.0	0.034983894803812005	0.721058371891016	0.034983894803812005	0.0	0.73277506112464	0.721058371891016	0.73277506112464	0.0
0.0	0.0034020075000441817	0.6255778652823294	0.0034020075000441817	0.0	0.608772635814871	0.6255778652823294	0.608772635814871	0.0
0.0	0.028320599689505153	0.52509551242471	0.028320599689505153	0.0	0.5087440738350645	0.52509551242471	0.5087440738350645	0.0
0.0	0.009134735642448044	0.46328690097786324	0.009134735642448044	0.0	0.4141764080765026	0.46328690097786324	0.4141764080765026	0.0
0.0	0.03427923804628228	0.7368556489025777	0.03427923804628228	0.0	0.7500600834098847	0.7368556489025777	0.7500600834098847	0.0
0.0	0.019515136267862315	0.4616090841710697	0.019515136267862315	0.0	0.38146670955289336	0.4616090841710697	0.38146670955289336	0.0
0.0	0.02875647952434597	0.590800158518956	0.02875647952434597	0.0	0.5729154989944082	0.590800158518956	0.5729154989944082	0.0
0.0	0.022559157803655274	0.48367603768038553	0.022559157803655274	0.0	0.44003296149913323	0.48367603768038553	0.44003296149913323	0.0
0.0	0.021983503609000657	0.3924168685026631	0.021983503609000657	0.0	0.3393481637713296	0.3924168685026631	0.3393481637713296	0.0
0.0	0.018880254175400745	0.5168951186870157	0.018880254175400745	0.0	0.4715695647697189	0.5168951186870157	0.4715695647697189	0.0
0.0	0.03312333763413291	0.5102212958273006	0.03312333763413291	0.0	0.46566078537376066	0.5102212958273006	0.46566078537376066	0.0
0.0	0.026241855973499945	0.6141886172361474	0.026241855973499945	0.0	0.6024446455093153	0.6141886172361474	0.6024446455093153	0.0
0.0	0.02314358888569814	0.6374057222299369	0.02314358888569814	0.0	0.5267263301347039	0.6374057222299369	0.5267263301347039	0.0
0.0	0.03816720455954953	0.6759139378681536	0.03816720455954953	0.0	0.6571324296141584	0.6759139378681536	0.6571324296141584	0.0
0.0	0.01972154509384616	0.5226536090186024	0.01972154509384616	0.0	0.511049358210888	0.5226536090186024	0.511049358210888	0.0
0.0	0.02978760794608011	0.6133852627735883	0.02978760794608011	0.0	0.5477462536278783	0.6133852627735883	0.5477462536278783	0.0
0.0	0.030801676363272933	0.5997428770458151	0.030801676363272933	0.0	0.5209264881002112	0.5997428770458151	0.5209264881002112	0.0
0.0	0.022212732416803067	0.5222440148154551	0.022212732416803067	0.0	0.4301239131093217	0.5222440148154551	0.4301239131093217	0.0
0.0	0.02050444048744317	0.4544615107427369	0.02050444048744317	0.0	0.4012743830963792	0.4544615107427369	0.4012743830963792	0.0
0.0	0.019684521434789676	0.43990929503287257	0.019684521434789676	0.0	0.40930368311323956	0.43990929503287257	0.40930368311323956	0.0
0.0	0.02316576836550079	0.5378369407966334	0.02316576836550079	0.0	0.4781820756052573	0.5378369407966334	0.4781820756052573	0.0
0.0	0.00852288779482427	0.5475574324677152	0.00852288779482427	0.0	0.49344590555884876	0.5475574324677152	0.49344590555884876	0.0
0.0	0.01313771142224712	0.49720921306643917	0.01313771142224712	0.0	0.5122171074790861	0.49720921306643917	0.5122171074790861	0.0
0.0	0.02405684573206213	0.5770825593353611	0.02405684573206213	0.0	0.5640072099421003	0.5770825593353611	0.5640072099421003	0.0
0.0	0.016957364351276507	0.8564947698631045	0.016957364351276507	0.0	0.8502158410192582	0.8564947698631045	0.8502158410192582	0.0
0.0	0.01931554919054742	0.6340250972100238	0.01931554919054742	0.0	0.574168785683418	0.6340250972100238	0.574168785683418	0.0
0.0	0.0068545225567649875	0.46492381056211846	0.0068545225567649875	0.0	0.38544099989081176	0.46492381056211846	0.38544099989081176	0.0
0.0	0.028378148367424708	0.37048628727563904	0.028378148367424708	0.0	0.33677566225164984	0.37048628727563904	0.33677566225164984	0.0
0.0	0.03688039004678391	0.33560015358993867	0.03688039004678391	0.0	0.24926905412301048	0.33560015358993867	0.24926905412301048	0.0
0.0	0.024252999627064807	0.42374580237071474	0.024252999627064807	0.0	0.36110066511377875	0.42374580237071474	0.36110066511377875	0.0
0.0	0.010633093441422999	0.6833355843881347	0.010633093441422999	0.0	0.5696887114727517	0.6833355843881347	0.5696887114727517	0.0
0.0	0.030695111430193982	0.5450002985122526	0.030695111430193982	0.0	0.43139900423115607	0.5450002985122526	0.43139900423115607	0.0
0.0	0.029401874043279007	0.5860055330986481	0.029401874043279007	0.0	0.6111347087378243	0.5860055330986481	0.6111347087378243	0.0
0.0	0.03414378679323202	0.4636229354218584	0.03414378679323202	0.0	0.443233647412242	0.4636229354218584	0.443233647412242	0.0
0.0	0.041408367351035244	0.4398800582173358	0.041408367351035244	0.0	0.4402706492980542	0.4398800582173358	0.4402706492980542	0.0
0.0	0.03442462151443224	0.4494214668527717	0.03442462151443224	0.0	0.3868843915573542	0.4494214668527717	0.3868843915573542	0.0
0.0	0.033160198191523264	0.5192764237609268	0.033160198191523264	0.0	0.45905005645463004	0.5192764237609268	0.45905005645463004	0.0
0.0	0.010942382918149831	0.5795016343525966	0.010942382918149831	0.0	0.5395020558810911	0.5795016343525966	0.5395020558810911	0.0
0.0	0.008032868744893359	0.5316933468540674	0.008032868744893359	0.0	0.47039677086907455	0.5316933468540674	0.47039677086907455	0.0
0.0	0.054269040178348465	0.7412286206143702	0.054269040178348465	0.0	0.8700967493826409	0.7412286206143702	0.8700967493826409	0.0
0.0	0.03367500491106051	0.4539540533345012	0.03367500491106051	0.0	0.4527237912876901	0.4539540533345012	0.4527237912876901	0.0
0.0	0.02229954740270398	0.658567570231835	0.02229954740270398	0.0	0.5960301719425453	0.658567570231835	0.5960301719425453	0.0
0.0	0.02928657901559018	0.37018360312183335	0.02928657901559018	0.0	0.2981452907048407	0.37018360312183335	0.2981452907048407	0.0
0.0	0.014731266969810352	0.5730572289661424	0.014731266969810352	0.0	0.5108152708577774	0.5730572289661424	0.5108152708577774	0.0
0.0	0.042496193679530433	0.5554553827574664	0.042496193679530433	0.0	0.5466010426670177	0.5554553827574664	0.5466010426670177	0.0
0.0	0.014596622491730089	0.6094029287128505	0.014596622491730089	0.0	0.5862183020947749	0.6094029287128505	0.5862183020947749	0.0
0.0	0.02059671718277144	0.38183480641405376	0.02059671718277144	0.0	0.3811970009967678	0.38183480641405376	0.3811970009967678	0.0
0.0	0.02156133460264184	0.4590383968100291	0.02156133460264184	0.0	0.3888439032104979	0.4590383968100291	0.3888439032104979	0.0
0.0	0.016896842693119835	0.44244044416398404	0.016896842693119835	0.0	0.3675941963144741	0.44244044416398404	0.3675941963144741	0.0
0.0	0.020120118788794307	0.5250301495680606	0.020120118788794307	0.0	0.4591984366428939	0.5250301495680606	0.4591984366428939	0.0
0.0	0.03334995080939472	0.7190284299132836	0.03334995080939472	0.0	0.6674165116561996	0.7190284299132836	0.6674165116561996	0.0
0.0	0.018655822958886552	0.3983842221320829	0.018655822958886552	0.0	0.33354190157060865	0.3983842221320829	0.33354190157060865	0.0
0.0	0.012201026649752714	0.8930282721788024	0.012201026649752714	0.0	0.7327598359026091	0.8930282721788024	0.7327598359026091	0.0
0.0	0.012028252020390776	0.4616359961919434	0.012028252020390776	0.0	0.38119781213131576	0.4616359961919434	0.38119781213131576	0.0
0.0	0.015522635026231094	0.6288721631070326	0.015522635026231094	0.0	0.6368372194615588	0.6288721631070326	0.6368372194615588	0.0
0.0	0.03090488919906851	0.4226782437445651	0.03090488919906851	0.0	0.42976200199284714	0.4226782437445651	0.42976200199284714	0.0
0.0	0.03008368633988145	0.5096155543393295	0.03008368633988145	0.0	0.4588760525845346	0.5096155543393295	0.4588760525845346	0.0
0.0	0.03282293506251221	0.5117484268696556	0.03282293506251221	0.0	0.4949612604648675	0.5117484268696556	0.4949612604648675	0.0
0.0	0.025197024054545453	0.48175351404314126	0.025197024054545453	0.0	0.43904565537552087	0.48175351404314126	0.43904565537552087	0.0
0.0	0.01795683291820293	0.48215895294003425	0.01795683291820293	0.0	0.5005330111576758	0.48215895294003425	0.5005330111576758	0.0
0.0	0.028598631894558264	0.5539517817761115	0.028598631894558264	0.0	0.576956723099863	0.5539517817761115	0.576956723099863	0.0
0.0	0.04821102780257629	0.3839808545357347	0.04821102780257629	0.0	0.4314884623271	0.3839808545357347	0.4314884623271	0.0
0.0	0.05796316879057434	0.46441396712214167	0.05796316879057434	0.0	0.5200688756215691	0.46441396712214167	0.5200688756215691	0.0
0.0	0.021173565155102665	0.48575769584469325	0.021173565155102665	0.0	0.5108142634969471	0.48575769584469325	0.5108142634969471	0.0
0.0	0.025599482311989937	0.6235560122236866	0.025599482311989937	0.0	0.6381611905112472	0.6235560122236866	0.6381611905112472	0.0
0.0	0.04344407723290006	0.41131813585697785	0.04344407723290006	0.0	0.3899002838634451	0.41131813585697785	0.3899002838634451	0.0
0.0	0.009070016431631432	0.4465388635890806	0.009070016431631432	0.0	0.4418330167232346	0.4465388635890806	0.4418330167232346	0.0
0.0	0.02392539759667715	0.792699101826213	0.02392539759667715	0.0	0.7398464415788591	0.792699101826213	0.7398464415788591	0.0
0.0	0.029420971290831273	0.5568275091521094	0.029420971290831273	0.0	0.46682236570955044	0.5568275091521094	0.46682236570955044	0.0
0.0	0.007713162566759964	0.6498606986112418	0.007713162566759964	0.0	0.6601254149759853	0.6498606986112418	0.6601254149759853	0.0
0.0	0.02369917867005571	0.36845363428933203	0.02369917867005571	0.0	0.3194514809730491	0.36845363428933203	0.3194514809730491	0.0
0.0	0.005172825989022242	0.5239188127709015	0.005172825989022242	0.0	0.4877535687453024	0.5239188127709015	0.4877535687453024	0.0
0.0	0.03241822420808551	0.636096102830717	0.03241822420808551	0.0	0.5189956331877564	0.636096102830717	0.5189956331877564	0.0
0.0	0.025399981879694687	0.4269559869511468	0.025399981879694687	0.0	0.4177061661723549	0.4269559869511468	0.4177061661723549	0.0
0.0	0.02422972772438807	0.6449810200438008	0.02422972772438807	0.0	0.5508756229652179	0.6449810200438008	0.5508756229652179	0.0
0.0	0.01940027087268851	0.6439897784089332	0.01940027087268851	0.0	0.6934462787910667	0.6439897784089332	0.6934462787910667	0.0
0.0	0.01048467448710839	0.4869775798665015	0.01048467448710839	0.0	0.43375430217034944	0.4869775798665015	0.43375430217034944	0.0
0.0	0.0074827577002237345	0.4831293503307718	0.0074827577002237345	0.0	0.47425577156742077	0.4831293503307718	0.47425577156742077	0.0
0.0	0.018824545341084884	0.3603580696785692	0.018824545341084884	0.0	0.31654627729839585	0.3603580696785692	0.31654627729839585	0.0
0.0	0.022596565434072395	0.681252032207574	0.022596565434072395	0.0	0.5910889318746797	0.681252032207574	0.5910889318746797	0.0
0.0	0.015538673887591224	0.5596142048830798	0.015538673887591224	0.0	0.5796890989717577	0.5596142048830798	0.5796890989717577	0.0
0.0	0.01617171127653607	0.6172428296435002	0.01617171127653607	0.0	0.5747497537258558	0.6172428296435002	0.5747497537258558	0.0
0.0	0.019179120032023576	0.6302169202217733	0.019179120032023576	0.0	0.6442190105613754	0.6302169202217733	0.6442190105613754	0.0
0.0	0.011358805128985735	0.41342061019051585	0.011358805128985735	0.0	0.36417145086672054	0.41342061019051585	0.36417145086672054	0.0
0.0	0.022788076182438725	0.5862863866697007	0.022788076182438725	0.0	0.6027094421080068	0.5862863866697007	0.6027094421080068	0.0
0.0	0.03412616971155339	0.573206680730596	0.03412616971155339	0.0	0.558941732283453	0.573206680730596	0.558941732283453	0.0
0.0	0.019052380210971647	0.35775382891830587	0.019052380210971647	0.0	0.3597675746088392	0.35775382891830587	0.3597675746088392	0.0
0.0	0.02703439645747365	0.33970482232179805	0.02703439645747365	0.0	0.3254399524375737	0.33970482232179805	0.3254399524375737	0.0
0.0	0.039870703194018635	0.5968483387947344	0.039870703194018635	0.0	0.641576432857759	0.5968483387947344	0.641576432857759	0.0
0.0	0.03079549344435975	0.44908719923790325	0.03079549344435975	0.0	0.38891191709842793	0.44908719923790325	0.38891191709842793	0.0
0.0	0.014550294698041137	0.2597572771246452	0.014550294698041137	0.0	0.23796286772269024	0.2597572771246452	0.23796286772269024	0.0
0.0	0.027145530068968114	0.44435597914118397	0.027145530068968114	0.0	0.3417324943098034	0.44435597914118397	0.3417324943098034	0.0
0.0	0.006791743974002088	0.5470053601631173	0.006791743974002088	0.0	0.42304658840790155	0.5470053601631173	0.42304658840790155	0.0
0.0	0.051644167067053756	0.5425860806821935	0.051644167067053756	0.0	0.5271136185148826	0.5425860806821935	0.5271136185148826	0.0
0.0	0.011906999108428943	0.41267004164283005	0.011906999108428943	0.0	0.38900649801786386	0.41267004164283005	0.38900649801786386	0.0
0.0	0.02378424801772147	0.32504218406384017	0.02378424801772147	0.0	0.3364742066265728	0.32504218406384017	0.3364742066265728	0.0
0.0	0.01632541903495886	0.5039800204569848	0.01632541903495886	0.0	0.4967705634115308	0.5039800204569848	0.4967705634115308	0.0
0.0	0.017317281013975463	0.42232679384035027	0.017317281013975463	0.0	0.3649498042007655	0.42232679384035027	0.3649498042007655	0.0
0.0	0.01642291838942651	0.5492305272013827	0.01642291838942651	0.0	0.5608588276800467	0.5492305272013827	0.5608588276800467	0.0
0.0	0.017876406268302777	0.5385225696613655	0.017876406268302777	0.0	0.43928558658418293	0.5385225696613655	0.43928558658418293	0.0
0.0	0.00827964427128566	0.41115711192529597	0.00827964427128566	0.0	0.3977386014812949	0.41115711192529597	0.3977386014812949	0.0
0.0	0.035645626450904064	0.5202625278688554	0.035645626450904064	0.0	0.4832576686057504	0.5202625278688554	0.4832576686057504	0.0
0.0	0.009534239135721042	0.44821396474026753	0.009534239135721042	0.0	0.4333585595361765	0.44821396474026753	0.4333585595361765	0.0
0.0	0.032452928159942336	0.43111478696630534	0.032452928159942336	0.0	0.44365496225287293	0.43111478696630534	0.44365496225287293	0.0
0.0	0.03449168823974982	0.4196723118828269	0.03449168823974982	0.0	0.45912119216454333	0.4196723118828269	0.45912119216454333	0.0
0.0	0.03062777179716519	0.42991728983876465	0.03062777179716519	0.0	0.41063156597128075	0.42991728983876465	0.41063156597128075	0.0
0.0	0.0610295525217064	0.5858209395696461	0.0610295525217064	0.0	0.5334341087738149	0.5858209395696461	0.5334341087738149	0.0
0.0	0.017127416008572486	0.6246401382932434	0.017127416008572486	0.0	0.626248071582786	0.6246401382932434	0.626248071582786	0.0
0.0	0.013080905263512691	0.6475865589907835	0.013080905263512691	0.0	0.6305350506541508	0.6475865589907835	0.6305350506541508	0.0
0.0	0.025634335751393955	0.7945514092382193	0.025634335751393955	0.0	0.6571170846111691	0.7945514092382193	0.6571170846111691	0.0
0.0	0.02407080056576349	0.29971850334543976	0.02407080056576349	0.0	0.28779563098031447	0.29971850334543976	0.28779563098031447	0.0
0.0	0.03427501151516138	0.41841262231617965	0.03427501151516138	0.0	0.3528124615363268	0.41841262231617965	0.3528124615363268	0.0
0.0	0.041616165731319134	0.6395408099155957	0.041616165731319134	0.0	0.5494565492138902	0.6395408099155957	0.5494565492138902	0.0
0.0	0.031361078918526554	0.6833623087122962	0.031361078918526554	0.0	0.7915158833725756	0.6833623087122962	0.7915158833725756	0.0
0.0	0.032809798756158144	0.5014229177289865	0.032809798756158144	0.0	0.4634442919605399	0.5014229177289865	0.4634442919605399	0.0
0.0	0.03040417899338545	0.5969998889475508	0.03040417899338545	0.0	0.5390140285460844	0.5969998889475508	0.5390140285460844	0.0
0.0	0.010443326848549948	0.5444099525255424	0.010443326848549948	0.0	0.5163305810165789	0.5444099525255424	0.5163305810165789	0.0
0.0	0.02523618716383871	0.4699813492624487	0.02523618716383871	0.0	0.4493985154849907	0.4699813492624487	0.4493985154849907	0.0
0.0	0.016530389681637836	0.7230960902857654	0.016530389681637836	0.0	0.7264883812969845	0.7230960902857654	0.7264883812969845	0.0
0.0	0.045477133495284386	0.7780570154527259	0.045477133495284386	0.0	0.7708939927471247	0.7780570154527259	0.7708939927471247	0.0
0.0	0.006854004701537623	0.43905323087093984	0.006854004701537623	0.0	0.42494780234484475	0.43905323087093984	0.42494780234484475	0.0
0.0	0.01728200607484494	0.5900490894722471	0.01728200607484494	0.0	0.5838138220130552	0.5900490894722471	0.5838138220130552	0.0
0.0	0.029178624888835446	0.41487080614647676	0.029178624888835446	0.0	0.3850736079781464	0.41487080614647676	0.3850736079781464	0.0
0.0	0.02799537795049064	0.500182902123846	0.02799537795049064	0.0	0.42416338419779404	0.500182902123846	0.42416338419779404	0.0
0.0	0.030246073603117037	0.4533651707663775	0.030246073603117037	0.0	0.40096624266143793	0.4533651707663775	0.40096624266143793	0.0
0.0	0.017330692913973784	0.5368523462561827	0.017330692913973784	0.0	0.4732179018256517	0.5368523462561827	0.4732179018256517	0.0
0.0	0.04009640604035219	0.4913592725504209	0.04009640604035219	0.0	0.4987729885879114	0.4913592725504209	0.4987729885879114	0.0
0.0	0.027254873570525757	0.4957370721288828	0.027254873570525757	0.0	0.4673848349315235	0.4957370721288828	0.4673848349315235	0.0
0.0	0.004442397436827437	0.6423880740839888	0.004442397436827437	0.0	0.5360793871866102	0.6423880740839888	0.5360793871866102	0.0
0.0	0.024915253385067046	0.5731715488885645	0.024915253385067046	0.0	0.46441321563026744	0.5731715488885645	0.46441321563026744	0.0
0.0	0.014512077266199488	0.8567077240434566	0.014512077266199488	0.0	0.8461647331288746	0.8567077240434566	0.8461647331288746	0.0
0.0	0.017912623515262602	0.4410023097489609	0.017912623515262602	0.0	0.43765740117942104	0.4410023097489609	0.43765740117942104	0.0
0.0	0.023725170575482284	0.6780886112708386	0.023725170575482284	0.0	0.6728273102413297	0.6780886112708386	0.6728273102413297	0.0
0.0	0.04210295896921927	0.4358984440410998	0.04210295896921927	0.0	0.452778929904602	0.4358984440410998	0.452778929904602	0.0
0.0	0.029229188488896236	0.6914051123833804	0.029229188488896236	0.0	0.6266293706293458	0.6914051123833804	0.6266293706293458	0.0
0.0	0.02466372013437255	0.6873282733997311	0.02466372013437255	0.0	0.6549336119161221	0.6873282733997311	0.6549336119161221	0.0
0.0	0.031925339346453196	0.5024931650266606	0.031925339346453196	0.0	0.4983885522753227	0.5024931650266606	0.4983885522753227	0.0
0.0	0.01571094671494078	0.5225802096327432	0.01571094671494078	0.0	0.4664818557401594	0.5225802096327432	0.4664818557401594	0.0
0.0	0.014202636152105912	0.4146835972046323	0.014202636152105912	0.0	0.3921112677489118	0.4146835972046323	0.3921112677489118	0.0
0.0	0.015235024443313408	0.48348682171168333	0.015235024443313408	0.0	0.4561455331411997	0.48348682171168333	0.4561455331411997	0.0
0.0	0.018112651611878812	0.5192201378078818	0.018112651611878812	0.0	0.4632599391532797	0.5192201378078818	0.4632599391532797	0.0
0.0	0.039486647304164235	0.47442610955278375	0.039486647304164235	0.0	0.47533756201718835	0.47442610955278375	0.47533756201718835	0.0
0.0	0.04628823902663669	0.4116632080724023	0.04628823902663669	0.0	0.48779235946766486	0.4116632080724023	0.48779235946766486	0.0
0.0	0.011034778981374515	0.6594950270734411	0.011034778981374515	0.0	0.5434745439001576	0.6594950270734411	0.5434745439001576	0.0
0.0	0.022754780732758287	0.41485523095298205	0.022754780732758287	0.0	0.39448045226529377	0.41485523095298205	0.39448045226529377	0.0
0.0	0.02105321586201953	0.4146537713176844	0.02105321586201953	0.0	0.3827635349944376	0.4146537713176844	0.3827635349944376	0.0
0.0	0.01925123425983215	0.551898061496697	0.01925123425983215	0.0	0.4615005511964107	0.551898061496697	0.4615005511964107	0.0
0.0	0.01094332433657045	0.8556198694098183	0.01094332433657045	0.0	0.7556502537480986	0.8556198694098183	0.7556502537480986	0.0
0.0	0.01925462652711326	0.6714561900378286	0.01925462652711326	0.0	0.5722455641870092	0.6714561900378286	0.5722455641870092	0.0
0.0	0.029335500015586616	0.41509629938075443	0.029335500015586616	0.0	0.3375202388556174	0.41509629938075443	0.3375202388556174	0.0
0.0	-0.0012017439108140716	0.8278544352316359	-0.0012017439108140716	0.0	0.6901442774647947	0.8278544352316359	0.6901442774647947	0.0
0.0	0.02381388235739677	0.4617223037842093	0.02381388235739677	0.0	0.4063935597718827	0.4617223037842093	0.4063935597718827	0.0
0.0	0.006796988589950139	0.49537694199754634	0.006796988589950139	0.0	0.44629658217293766	0.49537694199754634	0.44629658217293766	0.0
0.0	0.03472303040051792	0.5360615105336608	0.03472303040051792	0.0	0.47055444309489547	0.5360615105336608	0.47055444309489547	0.0
0.0	0.03764488729320192	0.4194496625087619	0.03764488729320192	0.0	0.36885769587864203	0.4194496625087619	0.36885769587864203	0.0
0.0	0.026729461070812373	0.5407017995039504	0.026729461070812373	0.0	0.507546441576735	0.5407017995039504	0.507546441576735	0.0
0.0	0.03896843293898399	0.49065439788799253	0.03896843293898399	0.0	0.5660203792810455	0.49065439788799253	0.5660203792810455	0.0
0.0	0.026197594665662564	0.40097423307769436	0.026197594665662564	0.0	0.37141820051723773	0.40097423307769436	0.37141820051723773	0.0
0.0	0.015560712394244997	0.36176444615353365	0.015560712394244997	0.0	0.32238843813386736	0.36176444615353365	0.32238843813386736	0.0
0.0	0.010359471513454708	0.5752370192554912	0.010359471513454708	0.0	0.5152776777353335	0.5752370192554912	0.5152776777353335	0.0
0.0	0.03892828598859191	0.49644748773582653	0.03892828598859191	0.0	0.44977027460193586	0.49644748773582653	0.44977027460193586	0.0
0.0	0.023368882765826837	0.6107543934023302	0.023368882765826837	0.0	0.5944251212462304	0.6107543934023302	0.5944251212462304	0.0
0.0	0.01597279396536702	0.452526047360784	0.01597279396536702	0.0	0.3688613296674223	0.452526047360784	0.3688613296674223	0.0
0.0	0.02157291627917591	0.5903186525721437	0.02157291627917591	0.0	0.6181520034221895	0.5903186525721437	0.6181520034221895	0.0
0.0	0.017249801189634466	0.42923371696406265	0.017249801189634466	0.0	0.409777264338318	0.42923371696406265	0.409777264338318	0.0
0.0	0.021724862043408497	0.724512089007441	0.021724862043408497	0.0	0.6225935054837476	0.724512089007441	0.6225935054837476	0.0
0.0	0.03319279807767958	0.47572397561466573	0.03319279807767958	0.0	0.4700512101444657	0.47572397561466573	0.4700512101444657	0.0
0.0	0.01962500528977765	0.3579940601799932	0.01962500528977765	0.0	0.3480138339920914	0.3579940601799932	0.3480138339920914	0.0
0.0	0.023456788879214534	0.5142676644127191	0.023456788879214534	0.0	0.43966735055048645	0.5142676644127191	0.43966735055048645	0.0
0.0	0.014003104170653684	0.5872179204923328	0.014003104170653684	0.0	0.5472844699516616	0.5872179204923328	0.5472844699516616	0.0
0.0	0.030453256956904654	0.6057639862334439	0.030453256956904654	0.0	0.5942208370436043	0.6057639862334439	0.5942208370436043	0.0
