population in sample
0	0	1

generation in sample
0.0	5420.0	5420.0

expected_linearlized_fst_array
0.0	0.45166666666666666	0.5348333333333334	0.45166666666666666	0.0	0.08316666666666667	0.5348333333333334	0.08316666666666667	0.0	

mean_linearlized_fst_array
0.0	0.5769032617005292	0.6840866298300988	0.5769032617005292	0.0	0.10281670338664843	0.6840866298300988	0.10281670338664843	0.0

median_linearlized_fst_array
0.0	0.5726934944304907	0.6805640562883719	0.5726934944304907	0.0	0.09911370965683314	0.6805640562883719	0.09911370965683314	0.0

std_linearlized_fst_array
0.0	0.06895128390221555	0.0816328643514743	0.06895128390221555	0.0	0.030161553580392266	0.0816328643514743	0.030161553580392266	0.0

linearlized_fst_array
0.0	0.6156664411625846	0.667293445247014	0.6156664411625846	0.0	0.08426683271920023	0.667293445247014	0.08426683271920023	0.0
0.0	0.5237110054809513	0.5923025956652698	0.5237110054809513	0.0	0.08003492065492612	0.5923025956652698	0.08003492065492612	0.0
0.0	0.6857529673167788	0.8237696466401574	0.6857529673167788	0.0	0.12359105736761593	0.8237696466401574	0.12359105736761593	0.0
0.0	0.5096200387985	0.5982418101612218	0.5096200387985	0.0	0.06449018452863066	0.5982418101612218	0.06449018452863066	0.0
0.0	0.5192124711923615	0.5906658618405002	0.5192124711923615	0.0	0.15861051051165537	0.5906658618405002	0.15861051051165537	0.0
0.0	0.5174389190061348	0.5960632236042847	0.5174389190061348	0.0	0.11510825166450796	0.5960632236042847	0.11510825166450796	0.0
0.0	0.4582315184972193	0.5547921624302412	0.4582315184972193	0.0	0.08982356682109377	0.5547921624302412	0.08982356682109377	0.0
0.0	0.5918790072378953	0.7112648446200501	0.5918790072378953	0.0	0.12198925148353598	0.7112648446200501	0.12198925148353598	0.0
0.0	0.5844897004713494	0.6636463724891145	0.5844897004713494	0.0	0.10641058224588013	0.6636463724891145	0.10641058224588013	0.0
0.0	0.6258015650513729	0.7430467303581884	0.6258015650513729	0.0	0.10782563423596238	0.7430467303581884	0.10782563423596238	0.0
0.0	0.5620542669803952	0.7232022645039873	0.5620542669803952	0.0	0.09864224579882717	0.7232022645039873	0.09864224579882717	0.0
0.0	0.632213927920534	0.7226163881667483	0.632213927920534	0.0	0.08564306261209903	0.7226163881667483	0.08564306261209903	0.0
0.0	0.5629226121102834	0.7020753623664351	0.5629226121102834	0.0	0.07300635731288027	0.7020753623664351	0.07300635731288027	0.0
0.0	0.6866907076469182	0.6298513263134166	0.6866907076469182	0.0	0.1064430936035096	0.6298513263134166	0.1064430936035096	0.0
0.0	0.5442372521033414	0.6360401227371393	0.5442372521033414	0.0	0.09365521173315201	0.6360401227371393	0.09365521173315201	0.0
0.0	0.5832261360910704	0.6297117036750038	0.5832261360910704	0.0	0.10603439568016723	0.6297117036750038	0.10603439568016723	0.0
0.0	0.644423817453011	0.7761359813713938	0.644423817453011	0.0	0.10256173502902867	0.7761359813713938	0.10256173502902867	0.0
0.0	0.5491798036943232	0.6105313094645356	0.5491798036943232	0.0	0.06841258695579905	0.6105313094645356	0.06841258695579905	0.0
0.0	0.5179485117605459	0.6138909470538817	0.5179485117605459	0.0	0.16000461558961587	0.6138909470538817	0.16000461558961587	0.0
0.0	0.5991477529459804	0.6046723465962067	0.5991477529459804	0.0	0.09420590010560148	0.6046723465962067	0.09420590010560148	0.0
0.0	0.719118284585215	0.7012452016905826	0.719118284585215	0.0	0.12994206520501925	0.7012452016905826	0.12994206520501925	0.0
0.0	0.5849614059621424	0.6419869368185862	0.5849614059621424	0.0	0.08917613101582895	0.6419869368185862	0.08917613101582895	0.0
0.0	0.6293177939640848	0.7744713876532181	0.6293177939640848	0.0	0.09772692158523452	0.7744713876532181	0.09772692158523452	0.0
0.0	0.5602231633110064	0.723612927249871	0.5602231633110064	0.0	0.0863029334550568	0.723612927249871	0.0863029334550568	0.0
0.0	0.5003881035734921	0.6320604908884946	0.5003881035734921	0.0	0.15621739601550969	0.6320604908884946	0.15621739601550969	0.0
0.0	0.5856782978437739	0.7242162758750701	0.5856782978437739	0.0	0.10211578142172714	0.7242162758750701	0.10211578142172714	0.0
0.0	0.5452490916807432	0.6620529473471874	0.5452490916807432	0.0	0.09093819832536389	0.6620529473471874	0.09093819832536389	0.0
0.0	0.5757413637099252	0.6699037882364672	0.5757413637099252	0.0	0.14387416736959763	0.6699037882364672	0.14387416736959763	0.0
0.0	0.5285861256348355	0.667980782963582	0.5285861256348355	0.0	0.08602936450016146	0.667980782963582	0.08602936450016146	0.0
0.0	0.45464144243104787	0.5267589030481766	0.45464144243104787	0.0	0.11014442389469241	0.5267589030481766	0.11014442389469241	0.0
0.0	0.6366206237602288	0.8446645728245185	0.6366206237602288	0.0	0.11972382457524966	0.8446645728245185	0.11972382457524966	0.0
0.0	0.48514587609020554	0.5606645345951168	0.48514587609020554	0.0	0.05276900099566204	0.5606645345951168	0.05276900099566204	0.0
0.0	0.5767841450399488	0.6941848616599375	0.5767841450399488	0.0	0.12915908807771348	0.6941848616599375	0.12915908807771348	0.0
0.0	0.6319931893708384	0.7134323851509636	0.6319931893708384	0.0	0.11167028053088356	0.7134323851509636	0.11167028053088356	0.0
0.0	0.6467327103821041	0.7593302020113583	0.6467327103821041	0.0	0.060074559187394204	0.7593302020113583	0.060074559187394204	0.0
0.0	0.650068808868761	0.6573924048732708	0.650068808868761	0.0	0.1281111928605653	0.6573924048732708	0.1281111928605653	0.0
0.0	0.6070933985309303	0.6023054076284151	0.6070933985309303	0.0	0.09099539974919156	0.6023054076284151	0.09099539974919156	0.0
0.0	0.4275631757125807	0.44273975085222145	0.4275631757125807	0.0	0.0624786723477595	0.44273975085222145	0.0624786723477595	0.0
0.0	0.46528980416759097	0.5647831658465892	0.46528980416759097	0.0	0.0860064510695933	0.5647831658465892	0.0860064510695933	0.0
0.0	0.518803261952065	0.5787716548923093	0.518803261952065	0.0	0.07528376978941571	0.5787716548923093	0.07528376978941571	0.0
0.0	0.5774705518721571	0.7234931351002943	0.5774705518721571	0.0	0.10963903816539784	0.7234931351002943	0.10963903816539784	0.0
0.0	0.6736422313546944	0.7583920877807208	0.6736422313546944	0.0	0.09290983297276299	0.7583920877807208	0.09290983297276299	0.0
0.0	0.6610159704331917	0.7675873106915599	0.6610159704331917	0.0	0.08555030365446083	0.7675873106915599	0.08555030365446083	0.0
0.0	0.5518500825734411	0.6612631549850511	0.5518500825734411	0.0	0.0681995167952309	0.6612631549850511	0.0681995167952309	0.0
0.0	0.46830388417107893	0.5205794076364516	0.46830388417107893	0.0	0.08363948338466402	0.5205794076364516	0.08363948338466402	0.0
0.0	0.5304739735872818	0.6743461631109676	0.5304739735872818	0.0	0.12356852397949386	0.6743461631109676	0.12356852397949386	0.0
0.0	0.5177498881649972	0.660779602726482	0.5177498881649972	0.0	0.1302031615797366	0.660779602726482	0.1302031615797366	0.0
0.0	0.5125700966357806	0.6069281107139836	0.5125700966357806	0.0	0.11157477703890933	0.6069281107139836	0.11157477703890933	0.0
0.0	0.5270490627976443	0.6598774750473768	0.5270490627976443	0.0	0.06694269217949239	0.6598774750473768	0.06694269217949239	0.0
0.0	0.5511431647013183	0.6523098120616061	0.5511431647013183	0.0	0.0968715668897737	0.6523098120616061	0.0968715668897737	0.0
0.0	0.5834968697699437	0.7089366141645352	0.5834968697699437	0.0	0.05786896410812587	0.7089366141645352	0.05786896410812587	0.0
0.0	0.5259050847787197	0.6700669517148983	0.5259050847787197	0.0	0.09350892548897788	0.6700669517148983	0.09350892548897788	0.0
0.0	0.48755527591182407	0.5491467431128414	0.48755527591182407	0.0	0.060539004413500866	0.5491467431128414	0.060539004413500866	0.0
0.0	0.5630950540105529	0.7603555992251584	0.5630950540105529	0.0	0.10572840631027748	0.7603555992251584	0.10572840631027748	0.0
0.0	0.7002655356475781	0.8125350760476027	0.7002655356475781	0.0	0.08765678928556495	0.8125350760476027	0.08765678928556495	0.0
0.0	0.5756340605036122	0.7246330425927467	0.5756340605036122	0.0	0.049813036146339695	0.7246330425927467	0.049813036146339695	0.0
0.0	0.4130078645739403	0.47862065444914303	0.4130078645739403	0.0	0.05824500735959071	0.47862065444914303	0.05824500735959071	0.0
0.0	0.5028909946452881	0.6283765578500068	0.5028909946452881	0.0	0.10805958658403687	0.6283765578500068	0.10805958658403687	0.0
0.0	0.650743255342048	0.7557432794747176	0.650743255342048	0.0	0.09532633178830992	0.7557432794747176	0.09532633178830992	0.0
0.0	0.5910322322784317	0.7495971324831197	0.5910322322784317	0.0	0.11030332406917061	0.7495971324831197	0.11030332406917061	0.0
0.0	0.8058196475986823	0.8080641996106245	0.8058196475986823	0.0	0.12677168599713456	0.8080641996106245	0.12677168599713456	0.0
0.0	0.5679618941992978	0.6785342133789485	0.5679618941992978	0.0	0.09902921934017733	0.6785342133789485	0.09902921934017733	0.0
0.0	0.6406775465428971	0.7738181083470065	0.6406775465428971	0.0	0.10661610847975318	0.7738181083470065	0.10661610847975318	0.0
0.0	0.6013490377471247	0.8365005529534089	0.6013490377471247	0.0	0.1096117366049874	0.8365005529534089	0.1096117366049874	0.0
0.0	0.6173798943434637	0.7578614919196701	0.6173798943434637	0.0	0.11544481969043886	0.7578614919196701	0.11544481969043886	0.0
0.0	0.49601035330398285	0.5993352163983938	0.49601035330398285	0.0	0.05931600200354574	0.5993352163983938	0.05931600200354574	0.0
0.0	0.5484194259199813	0.5952915606466386	0.5484194259199813	0.0	0.07135611799771541	0.5952915606466386	0.07135611799771541	0.0
0.0	0.5920309945544298	0.6590975402960974	0.5920309945544298	0.0	0.0874312286358178	0.6590975402960974	0.0874312286358178	0.0
0.0	0.4860259714503396	0.5833269337074798	0.4860259714503396	0.0	0.07604365931896136	0.5833269337074798	0.07604365931896136	0.0
0.0	0.6416029204770846	0.6852785284577978	0.6416029204770846	0.0	0.11788097228023643	0.6852785284577978	0.11788097228023643	0.0
0.0	0.6487615110012781	0.841681091585976	0.6487615110012781	0.0	0.10631778869546707	0.841681091585976	0.10631778869546707	0.0
0.0	0.5677790806494758	0.6876185768673928	0.5677790806494758	0.0	0.13389500257346307	0.6876185768673928	0.13389500257346307	0.0
0.0	0.6454181352964954	0.8324145037138839	0.6454181352964954	0.0	0.10711591378875572	0.8324145037138839	0.10711591378875572	0.0
0.0	0.7792928570732732	0.8884472763562886	0.7792928570732732	0.0	0.12273701858746049	0.8884472763562886	0.12273701858746049	0.0
0.0	0.45140744224248636	0.4957865488106646	0.45140744224248636	0.0	0.04723866579386623	0.4957865488106646	0.04723866579386623	0.0
0.0	0.5791188518895255	0.6813481953602611	0.5791188518895255	0.0	0.11626006130227154	0.6813481953602611	0.11626006130227154	0.0
0.0	0.5333328553632273	0.5754512249446613	0.5333328553632273	0.0	0.11007904061048039	0.5754512249446613	0.11007904061048039	0.0
0.0	0.5347935500187871	0.586132722234232	0.5347935500187871	0.0	0.053370329702909634	0.586132722234232	0.053370329702909634	0.0
0.0	0.4710664346861216	0.6050088200730389	0.4710664346861216	0.0	0.087150941160859	0.6050088200730389	0.087150941160859	0.0
0.0	0.5129619735843592	0.6139943022113177	0.5129619735843592	0.0	0.0759106173216961	0.6139943022113177	0.0759106173216961	0.0
0.0	0.5997706070601433	0.6983028498845872	0.5997706070601433	0.0	0.15304329870704722	0.6983028498845872	0.15304329870704722	0.0
0.0	0.4955879482352556	0.5453450595672149	0.4955879482352556	0.0	0.09680276085161	0.5453450595672149	0.09680276085161	0.0
0.0	0.4863138472360271	0.5827048625715971	0.4863138472360271	0.0	0.14272193135088404	0.5827048625715971	0.14272193135088404	0.0
0.0	0.6289263690545679	0.7583909851376411	0.6289263690545679	0.0	0.1428642365133982	0.7583909851376411	0.1428642365133982	0.0
0.0	0.5430775843978921	0.6725733249806642	0.5430775843978921	0.0	0.0742145793294623	0.6725733249806642	0.0742145793294623	0.0
0.0	0.660115389848148	0.6986564526693855	0.660115389848148	0.0	0.04577939222111465	0.6986564526693855	0.04577939222111465	0.0
0.0	0.5948007130655796	0.7943354514968142	0.5948007130655796	0.0	0.10659749054864333	0.7943354514968142	0.10659749054864333	0.0
0.0	0.6450706335399689	0.7154115882887042	0.6450706335399689	0.0	0.10294285093210366	0.7154115882887042	0.10294285093210366	0.0
0.0	0.5177949630119717	0.6299450955081753	0.5177949630119717	0.0	0.11012199758310537	0.6299450955081753	0.11012199758310537	0.0
0.0	0.5542660659133116	0.6467522205587175	0.5542660659133116	0.0	0.11156957190299452	0.6467522205587175	0.11156957190299452	0.0
0.0	0.573400789977188	0.5678757882702559	0.573400789977188	0.0	0.04168020044785914	0.5678757882702559	0.04168020044785914	0.0
0.0	0.48354462471065573	0.5896315900235912	0.48354462471065573	0.0	0.057138536376320076	0.5896315900235912	0.057138536376320076	0.0
0.0	0.585059753431557	0.6183052977851098	0.585059753431557	0.0	0.0584562564460792	0.6183052977851098	0.0584562564460792	0.0
0.0	0.4977316590260473	0.6991184698754216	0.4977316590260473	0.0	0.1316728261400192	0.6991184698754216	0.1316728261400192	0.0
0.0	0.5365965445033135	0.7097514086071949	0.5365965445033135	0.0	0.15342145966543272	0.7097514086071949	0.15342145966543272	0.0
0.0	0.6741532369417041	0.8072599831486856	0.6741532369417041	0.0	0.08374370556345696	0.8072599831486856	0.08374370556345696	0.0
0.0	0.583364329001271	0.6875397196287443	0.583364329001271	0.0	0.11838631883359323	0.6875397196287443	0.11838631883359323	0.0
0.0	0.6271742514576325	0.6899320059687143	0.6271742514576325	0.0	0.11587404574358667	0.6899320059687143	0.11587404574358667	0.0
0.0	0.6148559721760353	0.7592143748309362	0.6148559721760353	0.0	0.13004631954905752	0.7592143748309362	0.13004631954905752	0.0
0.0	0.5635585844011689	0.5802512470300172	0.5635585844011689	0.0	0.10228477905071928	0.5802512470300172	0.10228477905071928	0.0
0.0	0.5305952285300014	0.6275714530212158	0.5305952285300014	0.0	0.07759069732155154	0.6275714530212158	0.07759069732155154	0.0
0.0	0.698320747470195	0.8011048701716452	0.698320747470195	0.0	0.07447647812903917	0.8011048701716452	0.07447647812903917	0.0
0.0	0.607933854563768	0.749365495868899	0.607933854563768	0.0	0.10795439363923003	0.749365495868899	0.10795439363923003	0.0
0.0	0.6240256270148409	0.6985003274844683	0.6240256270148409	0.0	0.09287762855343748	0.6985003274844683	0.09287762855343748	0.0
0.0	0.6658961161735708	0.7095800016947629	0.6658961161735708	0.0	0.0941973717776415	0.7095800016947629	0.0941973717776415	0.0
0.0	0.5697099814286373	0.7087318812032966	0.5697099814286373	0.0	0.17783471824506553	0.7087318812032966	0.17783471824506553	0.0
0.0	0.5609323172641985	0.5996590324236345	0.5609323172641985	0.0	0.06563791265975731	0.5996590324236345	0.06563791265975731	0.0
0.0	0.6393261517383962	0.6971020243464304	0.6393261517383962	0.0	0.09134618445764871	0.6971020243464304	0.09134618445764871	0.0
0.0	0.6581011744768198	0.6923228368686436	0.6581011744768198	0.0	0.12153355162888548	0.6923228368686436	0.12153355162888548	0.0
0.0	0.5799577433014936	0.7103165142967695	0.5799577433014936	0.0	0.16680668286705957	0.7103165142967695	0.16680668286705957	0.0
0.0	0.4903386984143164	0.5677000779261352	0.4903386984143164	0.0	0.1117280590922054	0.5677000779261352	0.1117280590922054	0.0
0.0	0.6596281975358684	0.775582633687113	0.6596281975358684	0.0	0.10319766676072856	0.775582633687113	0.10319766676072856	0.0
0.0	0.6019572754709632	0.7184010754345618	0.6019572754709632	0.0	0.09712367309999108	0.7184010754345618	0.09712367309999108	0.0
0.0	0.5615931912459722	0.729657552468408	0.5615931912459722	0.0	0.06398290950657629	0.729657552468408	0.06398290950657629	0.0
0.0	0.6668083085796873	0.7780952420430122	0.6668083085796873	0.0	0.12741121702801841	0.7780952420430122	0.12741121702801841	0.0
0.0	0.5819844023062231	0.6927894644271811	0.5819844023062231	0.0	0.1573395787474857	0.6927894644271811	0.1573395787474857	0.0
0.0	0.5223407192489313	0.6257662630795098	0.5223407192489313	0.0	0.09871020152681222	0.6257662630795098	0.09871020152681222	0.0
0.0	0.6032953784467063	0.760057600416791	0.6032953784467063	0.0	0.08406233670424211	0.760057600416791	0.08406233670424211	0.0
0.0	0.544578272997386	0.7403106627368798	0.544578272997386	0.0	0.13113316241266115	0.7403106627368798	0.13113316241266115	0.0
0.0	0.7006986374014413	0.7315695345348449	0.7006986374014413	0.0	0.06900023843736461	0.7315695345348449	0.06900023843736461	0.0
0.0	0.5639813933204487	0.7537429093592631	0.5639813933204487	0.0	0.12270275574680989	0.7537429093592631	0.12270275574680989	0.0
0.0	0.6734963795282156	0.7232231145430271	0.6734963795282156	0.0	0.07194474528744899	0.7232231145430271	0.07194474528744899	0.0
0.0	0.5126836918576976	0.706404529474176	0.5126836918576976	0.0	0.18081987437119504	0.706404529474176	0.18081987437119504	0.0
0.0	0.5620433405708597	0.5629571478808981	0.5620433405708597	0.0	0.07315768836085883	0.5629571478808981	0.07315768836085883	0.0
0.0	0.5262044943762356	0.6181080315771829	0.5262044943762356	0.0	0.09422469083770846	0.6181080315771829	0.09422469083770846	0.0
0.0	0.6572469693219936	0.7869681764281808	0.6572469693219936	0.0	0.2084380235300981	0.7869681764281808	0.2084380235300981	0.0
0.0	0.5547726437012703	0.5877804607748898	0.5547726437012703	0.0	0.12507500971104443	0.5877804607748898	0.12507500971104443	0.0
0.0	0.6022976577666463	0.6216201070939148	0.6022976577666463	0.0	0.13087253472484828	0.6216201070939148	0.13087253472484828	0.0
0.0	0.5251576234271377	0.6335343668718151	0.5251576234271377	0.0	0.07853075205861906	0.6335343668718151	0.07853075205861906	0.0
0.0	0.5946598524388483	0.6912349809420921	0.5946598524388483	0.0	0.08474406804020142	0.6912349809420921	0.08474406804020142	0.0
0.0	0.5343752229609913	0.6308835606152823	0.5343752229609913	0.0	0.05828751214849604	0.6308835606152823	0.05828751214849604	0.0
0.0	0.600970983086184	0.619126136902687	0.600970983086184	0.0	0.07771323202297706	0.619126136902687	0.07771323202297706	0.0
0.0	0.5069126911499701	0.6233322681407619	0.5069126911499701	0.0	0.12864391928538754	0.6233322681407619	0.12864391928538754	0.0
0.0	0.6489258170237779	0.7689325159325843	0.6489258170237779	0.0	0.07818197989857407	0.7689325159325843	0.07818197989857407	0.0
0.0	0.38055729736527866	0.4771949842043771	0.38055729736527866	0.0	0.08098678315409745	0.4771949842043771	0.08098678315409745	0.0
0.0	0.6446909852631674	0.7643701201406897	0.6446909852631674	0.0	0.07747387715189556	0.7643701201406897	0.07747387715189556	0.0
0.0	0.5759934723544522	0.6501689788097107	0.5759934723544522	0.0	0.13717624662046327	0.6501689788097107	0.13717624662046327	0.0
0.0	0.6031124038377962	0.6705975209441511	0.6031124038377962	0.0	0.10315290220580649	0.6705975209441511	0.10315290220580649	0.0
0.0	0.5782207586298799	0.7083783325465169	0.5782207586298799	0.0	0.10128670243030828	0.7083783325465169	0.10128670243030828	0.0
0.0	0.511491575671536	0.6904719006122852	0.511491575671536	0.0	0.11476056075923378	0.6904719006122852	0.11476056075923378	0.0
0.0	0.6379455805966564	0.7682920377183674	0.6379455805966564	0.0	0.08754845989010104	0.7682920377183674	0.08754845989010104	0.0
0.0	0.5349406170507376	0.6853503589551893	0.5349406170507376	0.0	0.09258889163515738	0.6853503589551893	0.09258889163515738	0.0
0.0	0.5767687613856708	0.6596686732016702	0.5767687613856708	0.0	0.15357367381974837	0.6596686732016702	0.15357367381974837	0.0
0.0	0.5672621865609762	0.6097853550626807	0.5672621865609762	0.0	0.0989021600161149	0.6097853550626807	0.0989021600161149	0.0
0.0	0.6324157988029313	0.7881872936703073	0.6324157988029313	0.0	0.11407964690537693	0.7881872936703073	0.11407964690537693	0.0
0.0	0.5627663383027252	0.6701118476286623	0.5627663383027252	0.0	0.10952407092274427	0.6701118476286623	0.10952407092274427	0.0
0.0	0.6940242537022319	0.8211673028713632	0.6940242537022319	0.0	0.08935445166057572	0.8211673028713632	0.08935445166057572	0.0
0.0	0.6383640296295551	0.7337581971042016	0.6383640296295551	0.0	0.15742840917393558	0.7337581971042016	0.15742840917393558	0.0
0.0	0.5653267927663723	0.8004991075917386	0.5653267927663723	0.0	0.13248534716369295	0.8004991075917386	0.13248534716369295	0.0
0.0	0.5455563651856814	0.6362449684065056	0.5455563651856814	0.0	0.10170345424542171	0.6362449684065056	0.10170345424542171	0.0
0.0	0.47591957579970373	0.6666775155163503	0.47591957579970373	0.0	0.14527085849564128	0.6666775155163503	0.14527085849564128	0.0
0.0	0.6836497692180169	0.8081004077014314	0.6836497692180169	0.0	0.08522942184840052	0.8081004077014314	0.08522942184840052	0.0
0.0	0.4918994884085318	0.5893124003030954	0.4918994884085318	0.0	0.1383709246801185	0.5893124003030954	0.1383709246801185	0.0
0.0	0.653288030068352	0.6650949155975219	0.653288030068352	0.0	0.08227305889461622	0.6650949155975219	0.08227305889461622	0.0
0.0	0.6347851640039844	0.7060700265338313	0.6347851640039844	0.0	0.08426181063053975	0.7060700265338313	0.08426181063053975	0.0
0.0	0.6554541817773102	0.7417463440791131	0.6554541817773102	0.0	0.07097566822483414	0.7417463440791131	0.07097566822483414	0.0
0.0	0.6420368376321672	0.7230220649229849	0.6420368376321672	0.0	0.11489203904377056	0.7230220649229849	0.11489203904377056	0.0
0.0	0.5255680526943568	0.6020986690947847	0.5255680526943568	0.0	0.08097166456787935	0.6020986690947847	0.08097166456787935	0.0
0.0	0.6594997759503443	0.7012477821552284	0.6594997759503443	0.0	0.11057983584908117	0.7012477821552284	0.11057983584908117	0.0
0.0	0.44727367332427714	0.6075820708467856	0.44727367332427714	0.0	0.12271123935265815	0.6075820708467856	0.12271123935265815	0.0
0.0	0.66807368105093	0.8512165461872548	0.66807368105093	0.0	0.10405447791990467	0.8512165461872548	0.10405447791990467	0.0
0.0	0.5650008389070543	0.6562134612321862	0.5650008389070543	0.0	0.09544724797321341	0.6562134612321862	0.09544724797321341	0.0
0.0	0.6891430671489491	0.8109900353277408	0.6891430671489491	0.0	0.1304372525824762	0.8109900353277408	0.1304372525824762	0.0
0.0	0.564032056313358	0.681122875905212	0.564032056313358	0.0	0.1855046916341225	0.681122875905212	0.1855046916341225	0.0
0.0	0.5777750874889344	0.6778945943054832	0.5777750874889344	0.0	0.08806558851394795	0.6778945943054832	0.08806558851394795	0.0
0.0	0.6378024813104916	0.7733752586714314	0.6378024813104916	0.0	0.12339248707410401	0.7733752586714314	0.12339248707410401	0.0
0.0	0.5188994085293857	0.7747590010344675	0.5188994085293857	0.0	0.16814299301592586	0.7747590010344675	0.16814299301592586	0.0
0.0	0.5765868471750133	0.7866003175249368	0.5765868471750133	0.0	0.06345172386657506	0.7866003175249368	0.06345172386657506	0.0
0.0	0.6813431583029937	0.8918612789902688	0.6813431583029937	0.0	0.08023051874380391	0.8918612789902688	0.08023051874380391	0.0
0.0	0.5758184228114259	0.5957838902200833	0.5758184228114259	0.0	0.1106883210227369	0.5957838902200833	0.1106883210227369	0.0
0.0	0.5141316060452791	0.6093108891528931	0.5141316060452791	0.0	0.08312043400117285	0.6093108891528931	0.08312043400117285	0.0
0.0	0.5963219257020699	0.6708061504104014	0.5963219257020699	0.0	0.08700214207068918	0.6708061504104014	0.08700214207068918	0.0
0.0	0.5743796836399869	0.7015856874522671	0.5743796836399869	0.0	0.10532833368845339	0.7015856874522671	0.10532833368845339	0.0
0.0	0.5527940881662387	0.6716996715344351	0.5527940881662387	0.0	0.09608201354171632	0.6716996715344351	0.09608201354171632	0.0
0.0	0.5918211673395489	0.6447043750550083	0.5918211673395489	0.0	0.11080027894182008	0.6447043750550083	0.11080027894182008	0.0
0.0	0.5782742410797032	0.7334990362223346	0.5782742410797032	0.0	0.06091709724681436	0.7334990362223346	0.06091709724681436	0.0
0.0	0.5892209770963817	0.6448838617493021	0.5892209770963817	0.0	0.11012522210322544	0.6448838617493021	0.11012522210322544	0.0
0.0	0.6234221329151236	0.7977570205825425	0.6234221329151236	0.0	0.12967590646112	0.7977570205825425	0.12967590646112	0.0
0.0	0.621425494898753	0.6965464170129493	0.621425494898753	0.0	0.058455133627829205	0.6965464170129493	0.058455133627829205	0.0
0.0	0.4857573990761481	0.5855936206547873	0.4857573990761481	0.0	0.10909366533978879	0.5855936206547873	0.10909366533978879	0.0
0.0	0.7235266723056032	0.8467677874089334	0.7235266723056032	0.0	0.10004339444396138	0.8467677874089334	0.10004339444396138	0.0
0.0	0.6381386533250636	0.7422673960147301	0.6381386533250636	0.0	0.1096085168594633	0.7422673960147301	0.1096085168594633	0.0
0.0	0.5672252633628155	0.6270533913171717	0.5672252633628155	0.0	0.06799443548719507	0.6270533913171717	0.06799443548719507	0.0
0.0	0.5765998032536662	0.727403124588054	0.5765998032536662	0.0	0.12517221916202362	0.727403124588054	0.12517221916202362	0.0
0.0	0.6036560116173066	0.8404571406618339	0.6036560116173066	0.0	0.10271061407668315	0.8404571406618339	0.10271061407668315	0.0
0.0	0.651067713355336	0.8176437895753669	0.651067713355336	0.0	0.11506180365287304	0.8176437895753669	0.11506180365287304	0.0
0.0	0.6989919730216296	0.7386227752549149	0.6989919730216296	0.0	0.08044524797048327	0.7386227752549149	0.08044524797048327	0.0
0.0	0.5444157379023405	0.6675190767235188	0.5444157379023405	0.0	0.10343316593205744	0.6675190767235188	0.10343316593205744	0.0
0.0	0.6205702919620314	0.6142777409172798	0.6205702919620314	0.0	0.09926647274563923	0.6142777409172798	0.09926647274563923	0.0
0.0	0.6239693907284471	0.799313748733434	0.6239693907284471	0.0	0.16872400385258107	0.799313748733434	0.16872400385258107	0.0
0.0	0.7040935246319293	0.8167273704547966	0.7040935246319293	0.0	0.20137784983753607	0.8167273704547966	0.20137784983753607	0.0
0.0	0.6326128445913978	0.855605197067371	0.6326128445913978	0.0	0.12091564889768552	0.855605197067371	0.12091564889768552	0.0
0.0	0.5161048821980428	0.6073482713071044	0.5161048821980428	0.0	0.09565303486866623	0.6073482713071044	0.09565303486866623	0.0
0.0	0.6239820146507584	0.6538926841181353	0.6239820146507584	0.0	0.06334109814699335	0.6538926841181353	0.06334109814699335	0.0
0.0	0.6517399424308357	0.7654241551364521	0.6517399424308357	0.0	0.07960382833761016	0.7654241551364521	0.07960382833761016	0.0
0.0	0.5022274523037281	0.6181910078414065	0.5022274523037281	0.0	0.08005092123055403	0.6181910078414065	0.08005092123055403	0.0
0.0	0.5821538354808353	0.5909940055429382	0.5821538354808353	0.0	0.06083021469370199	0.5909940055429382	0.06083021469370199	0.0
0.0	0.5958292107303894	0.8482956989269252	0.5958292107303894	0.0	0.14025410516584286	0.8482956989269252	0.14025410516584286	0.0
0.0	0.5224242956440405	0.6036666181227254	0.5224242956440405	0.0	0.06236311981453582	0.6036666181227254	0.06236311981453582	0.0
0.0	0.5031828229477533	0.6487881398831304	0.5031828229477533	0.0	0.1387090043004566	0.6487881398831304	0.1387090043004566	0.0
0.0	0.540675321056295	0.5960022029251045	0.540675321056295	0.0	0.10427835142943083	0.5960022029251045	0.10427835142943083	0.0
0.0	0.6311988953826069	0.7114375456990032	0.6311988953826069	0.0	0.12297340536352996	0.7114375456990032	0.12297340536352996	0.0
0.0	0.5865503986774916	0.6546760583678173	0.5865503986774916	0.0	0.09818352718462307	0.6546760583678173	0.09818352718462307	0.0
0.0	0.602151137526067	0.7620645903952161	0.602151137526067	0.0	0.09910898284978426	0.7620645903952161	0.09910898284978426	0.0
0.0	0.4553709579565556	0.5921132692845277	0.4553709579565556	0.0	0.07735911970654841	0.5921132692845277	0.07735911970654841	0.0
0.0	0.49257937143940644	0.6268924453732643	0.49257937143940644	0.0	0.11725042129863117	0.6268924453732643	0.11725042129863117	0.0
0.0	0.5460499349543119	0.5785929924695171	0.5460499349543119	0.0	0.10887116656847305	0.5785929924695171	0.10887116656847305	0.0
0.0	0.5760878615374859	0.7169567841960914	0.5760878615374859	0.0	0.14746085057852149	0.7169567841960914	0.14746085057852149	0.0
0.0	0.5446630538398873	0.7985067995619342	0.5446630538398873	0.0	0.13018586609047508	0.7985067995619342	0.13018586609047508	0.0
0.0	0.6208878538368136	0.6991850816015112	0.6208878538368136	0.0	0.06928699162517987	0.6991850816015112	0.06928699162517987	0.0
0.0	0.6021535740586317	0.7782192454753148	0.6021535740586317	0.0	0.09503907435732022	0.7782192454753148	0.09503907435732022	0.0
0.0	0.6044896710950843	0.6800052366715318	0.6044896710950843	0.0	0.04159864845608088	0.6800052366715318	0.04159864845608088	0.0
0.0	0.5268219073259204	0.6608930114965992	0.5268219073259204	0.0	0.11662065468475018	0.6608930114965992	0.11662065468475018	0.0
0.0	0.4793095687139003	0.6679044257941079	0.4793095687139003	0.0	0.0956074120374085	0.6679044257941079	0.0956074120374085	0.0
0.0	0.5074865988092924	0.6725761205332249	0.5074865988092924	0.0	0.09478340651417416	0.6725761205332249	0.09478340651417416	0.0
0.0	0.54402727270022	0.7087382612879323	0.54402727270022	0.0	0.13745291312911287	0.7087382612879323	0.13745291312911287	0.0
0.0	0.5591101143685837	0.7540433285792425	0.5591101143685837	0.0	0.1379124933361717	0.7540433285792425	0.1379124933361717	0.0
0.0	0.5186091438313842	0.6517932527495258	0.5186091438313842	0.0	0.10178777289965882	0.6517932527495258	0.10178777289965882	0.0
0.0	0.5046494504917708	0.6145063529584933	0.5046494504917708	0.0	0.13694486248445317	0.6145063529584933	0.13694486248445317	0.0
0.0	0.586973592499241	0.672979259048832	0.586973592499241	0.0	0.09582003592611246	0.672979259048832	0.09582003592611246	0.0
0.0	0.6491584887763164	0.7289278362824371	0.6491584887763164	0.0	0.09742734259419444	0.7289278362824371	0.09742734259419444	0.0
0.0	0.522838247671291	0.6204256163825833	0.522838247671291	0.0	0.0447807244806366	0.6204256163825833	0.0447807244806366	0.0
0.0	0.5707650419308794	0.7454913938038823	0.5707650419308794	0.0	0.10072070984889406	0.7454913938038823	0.10072070984889406	0.0
0.0	0.6606828730243027	0.7088641880591648	0.6606828730243027	0.0	0.0636188120512229	0.7088641880591648	0.0636188120512229	0.0
0.0	0.5716460261790025	0.6642443134034988	0.5716460261790025	0.0	0.1644017810283087	0.6642443134034988	0.1644017810283087	0.0
0.0	0.7090476303915003	0.8543136864489631	0.7090476303915003	0.0	0.15583704311147678	0.8543136864489631	0.15583704311147678	0.0
0.0	0.49520388054956094	0.8035954128650882	0.49520388054956094	0.0	0.17883421751595135	0.8035954128650882	0.17883421751595135	0.0
0.0	0.5152053413914237	0.6298392291083561	0.5152053413914237	0.0	0.07708813684028823	0.6298392291083561	0.07708813684028823	0.0
0.0	0.6758721312730191	0.7839084759487629	0.6758721312730191	0.0	0.1614984791491437	0.7839084759487629	0.1614984791491437	0.0
0.0	0.5540304898544375	0.7134087368497484	0.5540304898544375	0.0	0.10192618424459923	0.7134087368497484	0.10192618424459923	0.0
0.0	0.5930399087374669	0.7010015392575408	0.5930399087374669	0.0	0.060488108761741335	0.7010015392575408	0.060488108761741335	0.0
0.0	0.4995474756355092	0.6446699753125084	0.4995474756355092	0.0	0.11047051210091738	0.6446699753125084	0.11047051210091738	0.0
0.0	0.5694299673931363	0.6026654804462309	0.5694299673931363	0.0	0.09035331140978121	0.6026654804462309	0.09035331140978121	0.0
0.0	0.6182841941618578	0.6975667183980634	0.6182841941618578	0.0	0.0816513638854041	0.6975667183980634	0.0816513638854041	0.0
0.0	0.6042320441902168	0.6233061722329376	0.6042320441902168	0.0	0.1031387122193807	0.6233061722329376	0.1031387122193807	0.0
0.0	0.5940201240216056	0.7005263100338499	0.5940201240216056	0.0	0.08190872542878075	0.7005263100338499	0.08190872542878075	0.0
0.0	0.5607490037080827	0.6049385640799677	0.5607490037080827	0.0	0.08456531691423477	0.6049385640799677	0.08456531691423477	0.0
0.0	0.5897195534717328	0.7032910120432034	0.5897195534717328	0.0	0.13751713510968785	0.7032910120432034	0.13751713510968785	0.0
0.0	0.6847927138764769	0.6875872744716636	0.6847927138764769	0.0	0.07867139851383138	0.6875872744716636	0.07867139851383138	0.0
0.0	0.5619184162509017	0.7289800183010756	0.5619184162509017	0.0	0.12529150518135904	0.7289800183010756	0.12529150518135904	0.0
0.0	0.6668026099402153	0.8369796918383348	0.6668026099402153	0.0	0.12335393545959969	0.8369796918383348	0.12335393545959969	0.0
0.0	0.6512138862905155	0.7910183676012239	0.6512138862905155	0.0	0.0752649395380151	0.7910183676012239	0.0752649395380151	0.0
0.0	0.5387487894329274	0.691773525958255	0.5387487894329274	0.0	0.13475213924649249	0.691773525958255	0.13475213924649249	0.0
0.0	0.475288127373005	0.567658027981922	0.475288127373005	0.0	0.07053770747828075	0.567658027981922	0.07053770747828075	0.0
0.0	0.6360187537201295	0.747494496416332	0.6360187537201295	0.0	0.15385317650148503	0.747494496416332	0.15385317650148503	0.0
0.0	0.5702777607332077	0.5953269681085306	0.5702777607332077	0.0	0.06035222447847677	0.5953269681085306	0.06035222447847677	0.0
0.0	0.5783306267619881	0.6407083992824822	0.5783306267619881	0.0	0.08788482629141202	0.6407083992824822	0.08788482629141202	0.0
0.0	0.4930157277711202	0.6079402266788759	0.4930157277711202	0.0	0.11703492078342449	0.6079402266788759	0.11703492078342449	0.0
0.0	0.5165370134688958	0.7035432838548534	0.5165370134688958	0.0	0.1442167189206142	0.7035432838548534	0.1442167189206142	0.0
0.0	0.5527084317786193	0.6457185657386507	0.5527084317786193	0.0	0.11928147342520101	0.6457185657386507	0.11928147342520101	0.0
0.0	0.5306860791305994	0.6677907527873778	0.5306860791305994	0.0	0.13440571552280994	0.6677907527873778	0.13440571552280994	0.0
0.0	0.5302194604912192	0.7225386204771297	0.5302194604912192	0.0	0.13630246881629032	0.7225386204771297	0.13630246881629032	0.0
0.0	0.5245954079786227	0.6651739831736786	0.5245954079786227	0.0	0.133843267987801	0.6651739831736786	0.133843267987801	0.0
0.0	0.5152907956848937	0.6342342790658149	0.5152907956848937	0.0	0.11714813867962653	0.6342342790658149	0.11714813867962653	0.0
0.0	0.5936012210447847	0.6567045557817045	0.5936012210447847	0.0	0.06842087231788019	0.6567045557817045	0.06842087231788019	0.0
0.0	0.5800855366867613	0.7438164498575915	0.5800855366867613	0.0	0.06863463776211033	0.7438164498575915	0.06863463776211033	0.0
0.0	0.609366689951062	0.6730309312728209	0.609366689951062	0.0	0.16735036218069282	0.6730309312728209	0.16735036218069282	0.0
0.0	0.508418744877962	0.5322181629402357	0.508418744877962	0.0	0.08950312280871105	0.5322181629402357	0.08950312280871105	0.0
0.0	0.5800756004947394	0.6796994761421307	0.5800756004947394	0.0	0.09426264501785489	0.6796994761421307	0.09426264501785489	0.0
0.0	0.5677220519271687	0.5696328399562586	0.5677220519271687	0.0	0.056487230365464616	0.5696328399562586	0.056487230365464616	0.0
0.0	0.5362432888131194	0.6785490800206803	0.5362432888131194	0.0	0.09574949378845386	0.6785490800206803	0.09574949378845386	0.0
0.0	0.6535218828712871	0.7413187213261514	0.6535218828712871	0.0	0.12425667636169296	0.7413187213261514	0.12425667636169296	0.0
0.0	0.5717973294455386	0.7079376030976604	0.5717973294455386	0.0	0.07041909382861278	0.7079376030976604	0.07041909382861278	0.0
0.0	0.4774900238128223	0.6286817585536488	0.4774900238128223	0.0	0.12158276247934671	0.6286817585536488	0.12158276247934671	0.0
0.0	0.6102841706377509	0.7947972006691693	0.6102841706377509	0.0	0.11605273143785688	0.7947972006691693	0.11605273143785688	0.0
0.0	0.5852096187980441	0.6656190640527528	0.5852096187980441	0.0	0.0971864316781891	0.6656190640527528	0.0971864316781891	0.0
0.0	0.5489984920153896	0.5742596624111678	0.5489984920153896	0.0	0.08721254465553896	0.5742596624111678	0.08721254465553896	0.0
0.0	0.6719565922755594	0.7482839749754452	0.6719565922755594	0.0	0.11725458296957847	0.7482839749754452	0.11725458296957847	0.0
0.0	0.8154494369180654	0.830921251868454	0.8154494369180654	0.0	0.056726704538554044	0.830921251868454	0.056726704538554044	0.0
0.0	0.6860441530035218	0.7247327559804724	0.6860441530035218	0.0	0.06421197120366372	0.7247327559804724	0.06421197120366372	0.0
0.0	0.6285467636709443	0.7660286403438914	0.6285467636709443	0.0	0.1038813870278117	0.7660286403438914	0.1038813870278117	0.0
0.0	0.6481614261840092	0.7998898315247973	0.6481614261840092	0.0	0.06808414796485399	0.7998898315247973	0.06808414796485399	0.0
0.0	0.6511221507147846	0.7324861410750279	0.6511221507147846	0.0	0.13237591261528595	0.7324861410750279	0.13237591261528595	0.0
0.0	0.6214990301131367	0.5958172685709705	0.6214990301131367	0.0	0.08443006087245936	0.5958172685709705	0.08443006087245936	0.0
0.0	0.5999346647838922	0.6965364146056292	0.5999346647838922	0.0	0.07305667601009348	0.6965364146056292	0.07305667601009348	0.0
0.0	0.5464088813788358	0.6476674946890918	0.5464088813788358	0.0	0.12422823202231524	0.6476674946890918	0.12422823202231524	0.0
0.0	0.5327723246394696	0.6864201197566143	0.5327723246394696	0.0	0.09708787696528026	0.6864201197566143	0.09708787696528026	0.0
0.0	0.5378299039880775	0.6503185443530126	0.5378299039880775	0.0	0.060511524686337574	0.6503185443530126	0.060511524686337574	0.0
0.0	0.4470667624233999	0.4729186414408754	0.4470667624233999	0.0	0.05184884953543165	0.4729186414408754	0.05184884953543165	0.0
0.0	0.5596170702847094	0.6273451814472416	0.5596170702847094	0.0	0.12973703007647142	0.6273451814472416	0.12973703007647142	0.0
0.0	0.6485336943641451	0.725033289680565	0.6485336943641451	0.0	0.07106868366473373	0.725033289680565	0.07106868366473373	0.0
0.0	0.7230764003109822	0.7482486309489274	0.7230764003109822	0.0	0.11892556377289597	0.7482486309489274	0.11892556377289597	0.0
0.0	0.5595791256698331	0.6362238384606483	0.5595791256698331	0.0	0.08123917515905196	0.6362238384606483	0.08123917515905196	0.0
0.0	0.5863638397370424	0.6333328819405242	0.5863638397370424	0.0	0.09056403602501682	0.6333328819405242	0.09056403602501682	0.0
0.0	0.6498632408220549	0.7830709161485139	0.6498632408220549	0.0	0.10304405997038726	0.7830709161485139	0.10304405997038726	0.0
0.0	0.6416860547989748	0.8088773829920206	0.6416860547989748	0.0	0.09000417521261926	0.8088773829920206	0.09000417521261926	0.0
0.0	0.5974936585100791	0.7291646204177984	0.5974936585100791	0.0	0.12007714435143213	0.7291646204177984	0.12007714435143213	0.0
0.0	0.4114151479044921	0.6063035101710368	0.4114151479044921	0.0	0.15365266169250946	0.6063035101710368	0.15365266169250946	0.0
0.0	0.5450302749341702	0.7042808575464748	0.5450302749341702	0.0	0.12540039356089494	0.7042808575464748	0.12540039356089494	0.0
0.0	0.6180902062359152	0.7865625528836074	0.6180902062359152	0.0	0.13386975355922043	0.7865625528836074	0.13386975355922043	0.0
0.0	0.6474673782948787	0.8200665894316234	0.6474673782948787	0.0	0.1250663732447547	0.8200665894316234	0.1250663732447547	0.0
0.0	0.6547667424215242	0.691775725143813	0.6547667424215242	0.0	0.08952483149882495	0.691775725143813	0.08952483149882495	0.0
0.0	0.6201977340855743	0.7287707871210278	0.6201977340855743	0.0	0.09595861675429843	0.7287707871210278	0.09595861675429843	0.0
0.0	0.6440170451554693	0.8041084905661479	0.6440170451554693	0.0	0.09911843646388202	0.8041084905661479	0.09911843646388202	0.0
0.0	0.6881644497345243	0.8392625715214294	0.6881644497345243	0.0	0.14124241702178103	0.8392625715214294	0.14124241702178103	0.0
0.0	0.5285987268297883	0.6292674618836459	0.5285987268297883	0.0	0.11265938624851354	0.6292674618836459	0.11265938624851354	0.0
0.0	0.558259336363834	0.6821369404030335	0.558259336363834	0.0	0.1593009323398149	0.6821369404030335	0.1593009323398149	0.0
0.0	0.5177466637791777	0.6198778457007633	0.5177466637791777	0.0	0.09850836868594208	0.6198778457007633	0.09850836868594208	0.0
0.0	0.6421480952657522	0.6553107533478394	0.6421480952657522	0.0	0.12250431154084365	0.6553107533478394	0.12250431154084365	0.0
0.0	0.5350638400144798	0.7331796634356964	0.5350638400144798	0.0	0.16423375708858337	0.7331796634356964	0.16423375708858337	0.0
0.0	0.6369029984148616	0.6753851426043895	0.6369029984148616	0.0	0.11310121584168073	0.6753851426043895	0.11310121584168073	0.0
0.0	0.5406506489130546	0.7845010926616071	0.5406506489130546	0.0	0.1876343516784291	0.7845010926616071	0.1876343516784291	0.0
0.0	0.5924146899108511	0.6463993984716382	0.5924146899108511	0.0	0.07123273366855651	0.6463993984716382	0.07123273366855651	0.0
0.0	0.6864729291958144	0.8946578360918134	0.6864729291958144	0.0	0.12394659816634533	0.8946578360918134	0.12394659816634533	0.0
0.0	0.5155100427019267	0.6775112999107216	0.5155100427019267	0.0	0.09733383402176146	0.6775112999107216	0.09733383402176146	0.0
0.0	0.5240460129661255	0.5838140871881983	0.5240460129661255	0.0	0.09905496243573092	0.5838140871881983	0.09905496243573092	0.0
0.0	0.5873107206681601	0.7618471232828673	0.5873107206681601	0.0	0.1752419973357914	0.7618471232828673	0.1752419973357914	0.0
0.0	0.5240816381815601	0.6676428650163824	0.5240816381815601	0.0	0.12317953386739953	0.6676428650163824	0.12317953386739953	0.0
