population in sample
0	0	1

generation in sample
0.0	5420.0	5420.0

expected_linearlized_fst_array
0.0	0.45166666666666666	0.5348333333333334	0.45166666666666666	0.0	0.08316666666666667	0.5348333333333334	0.08316666666666667	0.0	

mean_linearlized_fst_array
0.0	0.49077031768200136	0.5810691347266254	0.49077031768200136	0.0	0.09122792576270176	0.5810691347266254	0.09122792576270176	0.0

median_linearlized_fst_array
0.0	0.4877050086965355	0.5791166998271253	0.4877050086965355	0.0	0.09068207714515959	0.5791166998271253	0.09068207714515959	0.0

std_linearlized_fst_array
0.0	0.028758197411086497	0.03059905076382686	0.028758197411086497	0.0	0.01225464203162985	0.03059905076382686	0.01225464203162985	0.0

linearlized_fst_array
0.0	0.4543068786371083	0.5695949243768063	0.4543068786371083	0.0	0.09773470058272114	0.5695949243768063	0.09773470058272114	0.0
0.0	0.48871904987629633	0.5643946419531973	0.48871904987629633	0.0	0.09320754716978452	0.5643946419531973	0.09320754716978452	0.0
0.0	0.5352181977408177	0.6004663550893616	0.5352181977408177	0.0	0.06681010075105989	0.6004663550893616	0.06681010075105989	0.0
0.0	0.5188513720976641	0.6369634079655346	0.5188513720976641	0.0	0.10866309368430312	0.6369634079655346	0.10866309368430312	0.0
0.0	0.49404109975655636	0.5866802074850458	0.49404109975655636	0.0	0.09230366507288083	0.5866802074850458	0.09230366507288083	0.0
0.0	0.5313774793747875	0.6056085789989313	0.5313774793747875	0.0	0.11545847836193315	0.6056085789989313	0.11545847836193315	0.0
0.0	0.5095723868045285	0.6091491995771722	0.5095723868045285	0.0	0.09653592065919625	0.6091491995771722	0.09653592065919625	0.0
0.0	0.4626996970291685	0.5635707643342747	0.4626996970291685	0.0	0.08835270082727939	0.5635707643342747	0.08835270082727939	0.0
0.0	0.541404434064311	0.6070497277732	0.541404434064311	0.0	0.08753416307828638	0.6070497277732	0.08753416307828638	0.0
0.0	0.457030381839489	0.561927314071192	0.457030381839489	0.0	0.10015734949955453	0.561927314071192	0.10015734949955453	0.0
0.0	0.47320865302659143	0.5724999485552102	0.47320865302659143	0.0	0.07953332240728726	0.5724999485552102	0.07953332240728726	0.0
0.0	0.4317753023527478	0.502255285347571	0.4317753023527478	0.0	0.08262511516460384	0.502255285347571	0.08262511516460384	0.0
0.0	0.4834911421421892	0.5906858224438146	0.4834911421421892	0.0	0.09291041287403025	0.5906858224438146	0.09291041287403025	0.0
0.0	0.5599732302248911	0.6268364011194683	0.5599732302248911	0.0	0.08734966949557409	0.6268364011194683	0.08734966949557409	0.0
0.0	0.4909200159045351	0.5771771600934884	0.4909200159045351	0.0	0.07983528702810452	0.5771771600934884	0.07983528702810452	0.0
0.0	0.4936534867142624	0.603951611245596	0.4936534867142624	0.0	0.08579698912259281	0.603951611245596	0.08579698912259281	0.0
0.0	0.4979478458072409	0.594854574787732	0.4979478458072409	0.0	0.07645142388371821	0.594854574787732	0.07645142388371821	0.0
0.0	0.4541796850718223	0.5842154209394765	0.4541796850718223	0.0	0.12101171183708065	0.5842154209394765	0.12101171183708065	0.0
0.0	0.4792605063673853	0.5702025738484385	0.4792605063673853	0.0	0.08533018359600125	0.5702025738484385	0.08533018359600125	0.0
0.0	0.45901146121893566	0.5792130712519515	0.45901146121893566	0.0	0.0975941964831475	0.5792130712519515	0.0975941964831475	0.0
0.0	0.49017878061714504	0.5886605781716838	0.49017878061714504	0.0	0.09455067057917549	0.5886605781716838	0.09455067057917549	0.0
0.0	0.4761211121421363	0.5450143931442344	0.4761211121421363	0.0	0.07741587816627622	0.5450143931442344	0.07741587816627622	0.0
0.0	0.478948218395593	0.5773172809997257	0.478948218395593	0.0	0.07051793682827168	0.5773172809997257	0.07051793682827168	0.0
0.0	0.48483108870649777	0.5621526500982943	0.48483108870649777	0.0	0.08973408342792305	0.5621526500982943	0.08973408342792305	0.0
0.0	0.5395755892678588	0.5952695583621886	0.5395755892678588	0.0	0.08771408671714483	0.5952695583621886	0.08771408671714483	0.0
0.0	0.5095826469209528	0.6184323507248773	0.5095826469209528	0.0	0.10238693397508045	0.6184323507248773	0.10238693397508045	0.0
0.0	0.47828040314256276	0.5491146837325936	0.47828040314256276	0.0	0.09309533626661098	0.5491146837325936	0.09309533626661098	0.0
0.0	0.4539868221633652	0.5575843722638837	0.4539868221633652	0.0	0.09634205763605354	0.5575843722638837	0.09634205763605354	0.0
0.0	0.45099569175975884	0.537904880459762	0.45099569175975884	0.0	0.08405863403286493	0.537904880459762	0.08405863403286493	0.0
0.0	0.4595401345810076	0.5644525265227236	0.4595401345810076	0.0	0.07802522952155623	0.5644525265227236	0.07802522952155623	0.0
0.0	0.504101293162145	0.6192464451244475	0.504101293162145	0.0	0.09257585899149669	0.6192464451244475	0.09257585899149669	0.0
0.0	0.46174988234491654	0.5488741187428058	0.46174988234491654	0.0	0.08444952282392876	0.5488741187428058	0.08444952282392876	0.0
0.0	0.48542017181938096	0.5836388243585836	0.48542017181938096	0.0	0.09002141186725068	0.5836388243585836	0.09002141186725068	0.0
0.0	0.5120671129241793	0.5867288818513445	0.5120671129241793	0.0	0.07345430718104488	0.5867288818513445	0.07345430718104488	0.0
0.0	0.5175310012218998	0.6042517496333567	0.5175310012218998	0.0	0.08609635725354789	0.6042517496333567	0.08609635725354789	0.0
0.0	0.46857462861905613	0.5675481453754485	0.46857462861905613	0.0	0.07349113561244847	0.5675481453754485	0.07349113561244847	0.0
0.0	0.4944806177977259	0.56395299495381	0.4944806177977259	0.0	0.08144458075452174	0.56395299495381	0.08144458075452174	0.0
0.0	0.5179185438870012	0.603193431857896	0.5179185438870012	0.0	0.09068048765014958	0.603193431857896	0.09068048765014958	0.0
0.0	0.4877993230755637	0.5745647285791545	0.4877993230755637	0.0	0.1016527412348313	0.5745647285791545	0.1016527412348313	0.0
0.0	0.5109640741307365	0.571438178057528	0.5109640741307365	0.0	0.08913109206560216	0.571438178057528	0.08913109206560216	0.0
0.0	0.5005878309831063	0.58598229903603	0.5005878309831063	0.0	0.10615565148917148	0.58598229903603	0.10615565148917148	0.0
0.0	0.4913390552314342	0.5207273964379594	0.4913390552314342	0.0	0.08316114358133339	0.5207273964379594	0.08316114358133339	0.0
0.0	0.48061267431466165	0.5625644868509069	0.48061267431466165	0.0	0.0886600980375738	0.5625644868509069	0.0886600980375738	0.0
0.0	0.46119689521375046	0.5628945427069045	0.46119689521375046	0.0	0.07690934974253844	0.5628945427069045	0.07690934974253844	0.0
0.0	0.4674170675505173	0.5792105102245854	0.4674170675505173	0.0	0.1038729292015674	0.5792105102245854	0.1038729292015674	0.0
0.0	0.45904854420883645	0.5367259988870182	0.45904854420883645	0.0	0.1097256837068727	0.5367259988870182	0.1097256837068727	0.0
0.0	0.46545640142596606	0.5790228894296652	0.46545640142596606	0.0	0.07634882197419057	0.5790228894296652	0.07634882197419057	0.0
0.0	0.47376960910354493	0.5487546609588203	0.47376960910354493	0.0	0.06676027965396077	0.5487546609588203	0.06676027965396077	0.0
0.0	0.5156248512680047	0.5595212069351703	0.5156248512680047	0.0	0.10491517754759215	0.5595212069351703	0.10491517754759215	0.0
0.0	0.4644806906184313	0.5311874038871832	0.4644806906184313	0.0	0.07954225110243134	0.5311874038871832	0.07954225110243134	0.0
0.0	0.4818877927825334	0.5982407227021307	0.4818877927825334	0.0	0.10499358231669939	0.5982407227021307	0.10499358231669939	0.0
0.0	0.4556657111272699	0.5514547647960997	0.4556657111272699	0.0	0.10882036077288965	0.5514547647960997	0.10882036077288965	0.0
0.0	0.4701064527415976	0.5833219649271691	0.4701064527415976	0.0	0.11135248583379333	0.5833219649271691	0.11135248583379333	0.0
0.0	0.5032013756211102	0.5856580890857482	0.5032013756211102	0.0	0.09947226177672483	0.5856580890857482	0.09947226177672483	0.0
0.0	0.542440572161456	0.6166532954630173	0.542440572161456	0.0	0.10391085914451079	0.6166532954630173	0.10391085914451079	0.0
0.0	0.4856939148017946	0.5563418095547782	0.4856939148017946	0.0	0.0943390040012635	0.5563418095547782	0.0943390040012635	0.0
0.0	0.5176326317039996	0.5904261494519328	0.5176326317039996	0.0	0.09642591213698137	0.5904261494519328	0.09642591213698137	0.0
0.0	0.4901273169033753	0.5641548428922032	0.4901273169033753	0.0	0.0909366209226778	0.5641548428922032	0.0909366209226778	0.0
0.0	0.4678472814459164	0.5412326222340824	0.4678472814459164	0.0	0.08704643768908402	0.5412326222340824	0.08704643768908402	0.0
0.0	0.47825026322644726	0.613586262141821	0.47825026322644726	0.0	0.08882694017200556	0.613586262141821	0.08882694017200556	0.0
0.0	0.5158325768426575	0.6196177993516063	0.5158325768426575	0.0	0.10224838430120974	0.6196177993516063	0.10224838430120974	0.0
0.0	0.4608412700693916	0.5531076055124087	0.4608412700693916	0.0	0.0836461068041841	0.5531076055124087	0.0836461068041841	0.0
0.0	0.4996830031865337	0.5829224121263512	0.4996830031865337	0.0	0.08489039890999693	0.5829224121263512	0.08489039890999693	0.0
0.0	0.4606094220195173	0.5366670335974008	0.4606094220195173	0.0	0.07966024731154397	0.5366670335974008	0.07966024731154397	0.0
0.0	0.5495409691060841	0.6058239615553943	0.5495409691060841	0.0	0.09137551463858376	0.6058239615553943	0.09137551463858376	0.0
0.0	0.46830076268975573	0.5149715417383693	0.46830076268975573	0.0	0.09343335667665821	0.5149715417383693	0.09343335667665821	0.0
0.0	0.5111786117402158	0.6244614706420963	0.5111786117402158	0.0	0.09610178586042391	0.6244614706420963	0.09610178586042391	0.0
0.0	0.4583708605991026	0.5603919404556417	0.4583708605991026	0.0	0.0941942202551156	0.5603919404556417	0.0941942202551156	0.0
0.0	0.4972714668800952	0.6022693252901377	0.4972714668800952	0.0	0.08207588075878047	0.6022693252901377	0.08207588075878047	0.0
0.0	0.49950151310460905	0.6079599246806069	0.49950151310460905	0.0	0.08678669812035703	0.6079599246806069	0.08678669812035703	0.0
0.0	0.5034770381439492	0.5776642540214734	0.5034770381439492	0.0	0.09961978813271764	0.5776642540214734	0.09961978813271764	0.0
0.0	0.47515458308976494	0.5861198222226339	0.47515458308976494	0.0	0.08961488836150773	0.5861198222226339	0.08961488836150773	0.0
0.0	0.4876106943175073	0.5672813819240772	0.4876106943175073	0.0	0.10975507873539496	0.5672813819240772	0.10975507873539496	0.0
0.0	0.4804136848211029	0.5590644428526553	0.4804136848211029	0.0	0.08292761592721701	0.5590644428526553	0.08292761592721701	0.0
0.0	0.48754222329739894	0.5753430461547527	0.48754222329739894	0.0	0.10848630184248875	0.5753430461547527	0.10848630184248875	0.0
0.0	0.5176899484111908	0.6391392204033112	0.5176899484111908	0.0	0.10235911679415038	0.6391392204033112	0.10235911679415038	0.0
0.0	0.49959686765845346	0.5930043891883925	0.49959686765845346	0.0	0.06892290017287754	0.5930043891883925	0.06892290017287754	0.0
0.0	0.5309530888714348	0.6388930765362698	0.5309530888714348	0.0	0.09459181897299149	0.6388930765362698	0.09459181897299149	0.0
0.0	0.49675700766880615	0.6132750767828371	0.49675700766880615	0.0	0.08083806869844345	0.6132750767828371	0.08083806869844345	0.0
0.0	0.4738147619653474	0.6088024837463655	0.4738147619653474	0.0	0.09926669336266027	0.6088024837463655	0.09926669336266027	0.0
0.0	0.5484584460593507	0.687834477439523	0.5484584460593507	0.0	0.10917828987261992	0.687834477439523	0.10917828987261992	0.0
0.0	0.4805100635424558	0.55980831187353	0.4805100635424558	0.0	0.06972388293829469	0.55980831187353	0.06972388293829469	0.0
0.0	0.4725656063860985	0.5702199417588878	0.4725656063860985	0.0	0.0998152479744803	0.5702199417588878	0.0998152479744803	0.0
0.0	0.4481682270178842	0.5611358440231631	0.4481682270178842	0.0	0.08393893821943303	0.5611358440231631	0.08393893821943303	0.0
0.0	0.4790906324135313	0.5890330905964818	0.4790906324135313	0.0	0.09536167102411412	0.5890330905964818	0.09536167102411412	0.0
0.0	0.4301943388885635	0.5521728840424204	0.4301943388885635	0.0	0.09162055198040321	0.5521728840424204	0.09162055198040321	0.0
0.0	0.4635798028339289	0.5649372980419292	0.4635798028339289	0.0	0.1286149333886187	0.5649372980419292	0.1286149333886187	0.0
0.0	0.47748620073793213	0.5283114435068244	0.47748620073793213	0.0	0.07504660861191627	0.5283114435068244	0.07504660861191627	0.0
0.0	0.49222515774006165	0.5731302774894825	0.49222515774006165	0.0	0.09068366664016961	0.5731302774894825	0.09068366664016961	0.0
0.0	0.5172968499966909	0.6074406285550612	0.5172968499966909	0.0	0.08482873831840845	0.6074406285550612	0.08482873831840845	0.0
0.0	0.4369051938764205	0.5556298685229452	0.4369051938764205	0.0	0.099196561576567	0.5556298685229452	0.099196561576567	0.0
0.0	0.5583156340197859	0.6470943728487261	0.5583156340197859	0.0	0.07024689615843696	0.6470943728487261	0.07024689615843696	0.0
0.0	0.4938344365279942	0.6091371897563462	0.4938344365279942	0.0	0.09861023109207685	0.6091371897563462	0.09861023109207685	0.0
0.0	0.5098335558626117	0.6146352735909664	0.5098335558626117	0.0	0.10610518797010177	0.6146352735909664	0.10610518797010177	0.0
0.0	0.5547543564693422	0.6012675475725023	0.5547543564693422	0.0	0.09337331992417676	0.6012675475725023	0.09337331992417676	0.0
0.0	0.5003198103104086	0.6028755573422432	0.5003198103104086	0.0	0.07361008175987555	0.6028755573422432	0.07361008175987555	0.0
0.0	0.5072557667367675	0.628846589687976	0.5072557667367675	0.0	0.1153914700442399	0.628846589687976	0.1153914700442399	0.0
0.0	0.557630538176997	0.6149653262192672	0.557630538176997	0.0	0.10251714623120058	0.6149653262192672	0.10251714623120058	0.0
0.0	0.47009610998010465	0.5354632060984187	0.47009610998010465	0.0	0.10225373336832827	0.5354632060984187	0.10225373336832827	0.0
0.0	0.47451366782986176	0.5608252477592718	0.47451366782986176	0.0	0.09031020605457817	0.5608252477592718	0.09031020605457817	0.0
0.0	0.5141624217444148	0.5849141743647257	0.5141624217444148	0.0	0.07897965172048872	0.5849141743647257	0.07897965172048872	0.0
0.0	0.5345877725241859	0.5672830842815901	0.5345877725241859	0.0	0.08211220387549997	0.5672830842815901	0.08211220387549997	0.0
0.0	0.48389094107017017	0.559288721812058	0.48389094107017017	0.0	0.07873022685847825	0.559288721812058	0.07873022685847825	0.0
0.0	0.4886207785351037	0.5938597627268938	0.4886207785351037	0.0	0.0824497441123888	0.5938597627268938	0.0824497441123888	0.0
