population in sample
0	0	1

generation in sample
0.0	5420.0	5420.0

expected_linearlized_fst_array
0.0	0.45166666666666666	0.5348333333333334	0.45166666666666666	0.0	0.08316666666666667	0.5348333333333334	0.08316666666666667	0.0	

mean_linearlized_fst_array
0.0	0.5312206741461737	0.6320294245046	0.5312206741461737	0.0	0.09344371043037551	0.6320294245046	0.09344371043037551	0.0

median_linearlized_fst_array
0.0	0.43905172292255723	0.5269350564131117	0.43905172292255723	0.0	0.05101758633891112	0.5269350564131117	0.05101758633891112	0.0

std_linearlized_fst_array
0.0	0.3803993401150115	0.45137901911899364	0.3803993401150115	0.0	0.14773401986841472	0.45137901911899364	0.14773401986841472	0.0

linearlized_fst_array
0.0	0.345196983711836	0.52232441542387	0.345196983711836	0.0	0.10280179513628211	0.52232441542387	0.10280179513628211	0.0
0.0	0.2954737132163481	0.2830950906328374	0.2954737132163481	0.0	0.05051781846823621	0.2830950906328374	0.05051781846823621	0.0
0.0	0.5050809065811143	0.6415903918321485	0.5050809065811143	0.0	0.021934736999113722	0.6415903918321485	0.021934736999113722	0.0
0.0	0.6137634624969749	0.5379338117485075	0.6137634624969749	0.0	0.09435889662045362	0.5379338117485075	0.09435889662045362	0.0
0.0	0.10664951411607122	0.11485206922452931	0.10664951411607122	0.0	-0.028137614651258216	0.11485206922452931	-0.028137614651258216	0.0
0.0	0.42921148815842874	0.5070060789119846	0.42921148815842874	0.0	0.001314731737696869	0.5070060789119846	0.001314731737696869	0.0
0.0	0.23303288574612094	0.2882661259626085	0.23303288574612094	0.0	0.06904053136364068	0.2882661259626085	0.06904053136364068	0.0
0.0	0.272986422305094	0.8559289945059962	0.272986422305094	0.0	0.735943245680924	0.8559289945059962	0.735943245680924	0.0
0.0	0.7482158373611303	0.6022845941564391	0.7482158373611303	0.0	0.06743937722363455	0.6022845941564391	0.06743937722363455	0.0
0.0	0.5029639978878915	0.4572886952488173	0.5029639978878915	0.0	0.2852291914370801	0.4572886952488173	0.2852291914370801	0.0
0.0	0.5074874854973858	0.6251855707596279	0.5074874854973858	0.0	0.021624657837683362	0.6251855707596279	0.021624657837683362	0.0
0.0	0.4580461004119755	0.5033226434911234	0.4580461004119755	0.0	0.21493070393071248	0.5033226434911234	0.21493070393071248	0.0
0.0	0.4428954375933277	0.5265498002776878	0.4428954375933277	0.0	0.17722119340285086	0.5265498002776878	0.17722119340285086	0.0
0.0	0.22998484065879635	0.20004415710467302	0.22998484065879635	0.0	0.3768879433767026	0.20004415710467302	0.3768879433767026	0.0
0.0	0.8214209077178262	1.0240350344272222	0.8214209077178262	0.0	0.23645723603512192	1.0240350344272222	0.23645723603512192	0.0
0.0	0.4990065243053981	0.6736764979229357	0.4990065243053981	0.0	0.046451133788295164	0.6736764979229357	0.046451133788295164	0.0
0.0	0.5627830391856709	0.568813797620426	0.5627830391856709	0.0	-0.027426490029116044	0.568813797620426	-0.027426490029116044	0.0
0.0	0.36853750184641554	0.5668219671990529	0.36853750184641554	0.0	0.1508713814915373	0.5668219671990529	0.1508713814915373	0.0
0.0	0.21915136981658742	0.31413596909753394	0.21915136981658742	0.0	0.04532053591902082	0.31413596909753394	0.04532053591902082	0.0
0.0	0.16474073290882588	0.19994477190554852	0.16474073290882588	0.0	0.10191646502504806	0.19994477190554852	0.10191646502504806	0.0
0.0	0.389423170011404	0.33565203898317914	0.389423170011404	0.0	-0.012167244704554693	0.33565203898317914	-0.012167244704554693	0.0
0.0	0.8943939679763249	1.1090496546834654	0.8943939679763249	0.0	0.25610753859060653	1.1090496546834654	0.25610753859060653	0.0
0.0	0.9752084861093362	1.1493197931768113	0.9752084861093362	0.0	-0.009116578453430701	1.1493197931768113	-0.009116578453430701	0.0
0.0	0.3037142392038995	1.602389436285602	0.3037142392038995	0.0	0.8275777230145825	1.602389436285602	0.8275777230145825	0.0
0.0	0.5711306432713771	0.9010373583487746	0.5711306432713771	0.0	0.11389331359260185	0.9010373583487746	0.11389331359260185	0.0
0.0	0.2253658032438646	0.4059611305112423	0.2253658032438646	0.0	0.04667890302452437	0.4059611305112423	0.04667890302452437	0.0
0.0	0.40814508340065636	0.42092114584161555	0.40814508340065636	0.0	0.12634645164368574	0.42092114584161555	0.12634645164368574	0.0
0.0	0.3190356977375023	0.4156860333831478	0.3190356977375023	0.0	0.0956574128541091	0.4156860333831478	0.0956574128541091	0.0
0.0	0.1812313654690974	0.08838558985414173	0.1812313654690974	0.0	0.16213302652805042	0.08838558985414173	0.16213302652805042	0.0
0.0	1.221754088700236	1.1583917678445135	1.221754088700236	0.0	0.004693620158270803	1.1583917678445135	0.004693620158270803	0.0
0.0	0.7894368855241006	0.5387016201118067	0.7894368855241006	0.0	0.21430876847584981	0.5387016201118067	0.21430876847584981	0.0
0.0	1.035823153481586	1.0065010890567285	1.035823153481586	0.0	0.4534336120888018	1.0065010890567285	0.4534336120888018	0.0
0.0	0.5932306842310184	0.6341617007325504	0.5932306842310184	0.0	0.01654265477005174	0.6341617007325504	0.01654265477005174	0.0
0.0	0.05544740612119667	0.1282027722503065	0.05544740612119667	0.0	0.004156542879433386	0.1282027722503065	0.004156542879433386	0.0
0.0	0.7599397588758008	0.5988076714187501	0.7599397588758008	0.0	-0.028167773580193494	0.5988076714187501	-0.028167773580193494	0.0
0.0	0.2078624440026441	0.1689404970835562	0.2078624440026441	0.0	0.09343888334008715	0.1689404970835562	0.09343888334008715	0.0
0.0	0.3020245659592094	0.3092453431618652	0.3020245659592094	0.0	-0.03171532302181261	0.3092453431618652	-0.03171532302181261	0.0
0.0	0.176809602863748	0.19403363586923633	0.176809602863748	0.0	-0.008534331054299639	0.19403363586923633	-0.008534331054299639	0.0
0.0	0.26314824248356256	0.45949805479122524	0.26314824248356256	0.0	0.14568301055764582	0.45949805479122524	0.14568301055764582	0.0
0.0	0.11563234187130861	0.13624423997872084	0.11563234187130861	0.0	-0.026047707878534457	0.13624423997872084	-0.026047707878534457	0.0
0.0	0.32508695282306005	0.5428171891205315	0.32508695282306005	0.0	0.05682896474770078	0.5428171891205315	0.05682896474770078	0.0
0.0	0.5540285989888099	0.625435452063119	0.5540285989888099	0.0	0.04035272746054859	0.625435452063119	0.04035272746054859	0.0
0.0	0.5542887361701103	0.6535840710890081	0.5542887361701103	0.0	0.09989871245657335	0.6535840710890081	0.09989871245657335	0.0
0.0	0.14475712554316297	0.2632141193118107	0.14475712554316297	0.0	-0.02163851135789635	0.2632141193118107	-0.02163851135789635	0.0
0.0	0.2674153569592347	0.19870326770692337	0.2674153569592347	0.0	-0.009255876362025451	0.19870326770692337	-0.009255876362025451	0.0
0.0	0.21228941626607906	0.28558307208950906	0.21228941626607906	0.0	-0.0020568843375201556	0.28558307208950906	-0.0020568843375201556	0.0
0.0	0.12571396237355423	0.1902653114277995	0.12571396237355423	0.0	-0.0033463653366853146	0.1902653114277995	-0.0033463653366853146	0.0
0.0	0.2669397526222853	0.7647325381809207	0.2669397526222853	0.0	0.26992400647209125	0.7647325381809207	0.26992400647209125	0.0
0.0	1.0174089383875757	1.5599955178662228	1.0174089383875757	0.0	0.03153094582693019	1.5599955178662228	0.03153094582693019	0.0
0.0	0.9033024689360518	0.8827823107731442	0.9033024689360518	0.0	-0.010577752666622354	0.8827823107731442	-0.010577752666622354	0.0
0.0	1.1647043356637246	1.322992111169437	1.1647043356637246	0.0	0.11464455574359757	1.322992111169437	0.11464455574359757	0.0
0.0	0.2667159889693659	0.5143321278465337	0.2667159889693659	0.0	0.101307027196991	0.5143321278465337	0.101307027196991	0.0
0.0	0.5737770666350892	0.4977929424121861	0.5737770666350892	0.0	0.06012985153740888	0.4977929424121861	0.06012985153740888	0.0
0.0	1.2802795905536062	0.2681135580199826	1.2802795905536062	0.0	0.5164513965569095	0.2681135580199826	0.5164513965569095	0.0
0.0	1.691960945998891	1.7592057056693169	1.691960945998891	0.0	0.00015963922302689407	1.7592057056693169	0.00015963922302689407	0.0
0.0	0.1835244305600114	0.2775656250899545	0.1835244305600114	0.0	0.01328675526996045	0.2775656250899545	0.01328675526996045	0.0
0.0	0.3866026115358341	0.49406450215247133	0.3866026115358341	0.0	-0.02170661994077821	0.49406450215247133	-0.02170661994077821	0.0
0.0	0.3007637497660734	0.42162412930922394	0.3007637497660734	0.0	0.004435994930475606	0.42162412930922394	0.004435994930475606	0.0
0.0	0.15840603140786863	0.08600008191606197	0.15840603140786863	0.0	0.04150695749057715	0.08600008191606197	0.04150695749057715	0.0
0.0	0.2993207463504329	0.4156821214940922	0.2993207463504329	0.0	0.12797074954290227	0.4156821214940922	0.12797074954290227	0.0
0.0	0.5295514057635256	0.48037061409184956	0.5295514057635256	0.0	0.016953906689170024	0.48037061409184956	0.016953906689170024	0.0
0.0	0.8261138112628924	0.9699230713040032	0.8261138112628924	0.0	-0.008060512447723578	0.9699230713040032	-0.008060512447723578	0.0
0.0	1.2152827715424417	2.3361235454253606	1.2152827715424417	0.0	0.10216994150878032	2.3361235454253606	0.10216994150878032	0.0
0.0	0.2589253806366011	0.4257193629554309	0.2589253806366011	0.0	0.11711962336825905	0.4257193629554309	0.11711962336825905	0.0
0.0	0.050701663615139954	0.07489329245697786	0.050701663615139954	0.0	-0.04019249160264429	0.07489329245697786	-0.04019249160264429	0.0
0.0	1.1193251544828415	1.2616619961633524	1.1193251544828415	0.0	0.01397991355397568	1.2616619961633524	0.01397991355397568	0.0
0.0	0.08409515850411971	0.29571575731679683	0.08409515850411971	0.0	0.07860177546383351	0.29571575731679683	0.07860177546383351	0.0
0.0	0.346879559870981	0.38239275441458614	0.346879559870981	0.0	0.03109562544318037	0.38239275441458614	0.03109562544318037	0.0
0.0	0.3815827163495511	0.38434404502813185	0.3815827163495511	0.0	0.11648904390098982	0.38434404502813185	0.11648904390098982	0.0
0.0	0.2642239536753503	0.34490230069757716	0.2642239536753503	0.0	0.07990126290613374	0.34490230069757716	0.07990126290613374	0.0
0.0	0.7336102474208344	0.509432604835081	0.7336102474208344	0.0	0.04579783466559933	0.509432604835081	0.04579783466559933	0.0
0.0	0.38516842105551297	0.5427544847953444	0.38516842105551297	0.0	0.008669634752566855	0.5427544847953444	0.008669634752566855	0.0
0.0	0.6643385940738769	0.6487475711419185	0.6643385940738769	0.0	0.11765922271226172	0.6487475711419185	0.11765922271226172	0.0
0.0	0.5208402911448533	1.2405459527551834	0.5208402911448533	0.0	0.4144501089371005	1.2405459527551834	0.4144501089371005	0.0
0.0	1.408322701352667	1.5332477533536324	1.408322701352667	0.0	0.003675555264347251	1.5332477533536324	0.003675555264347251	0.0
0.0	0.2733317670601006	2.2991860608239136	0.2733317670601006	0.0	0.7875957058174825	2.2991860608239136	0.7875957058174825	0.0
0.0	0.4686685953602685	1.001350605565169	0.4686685953602685	0.0	0.3350345547230738	1.001350605565169	0.3350345547230738	0.0
0.0	0.41609053997995143	0.9401319265308229	0.41609053997995143	0.0	0.2252153158345525	0.9401319265308229	0.2252153158345525	0.0
0.0	0.24022222357133377	0.4443836956511594	0.24022222357133377	0.0	0.0822873814482623	0.4443836956511594	0.0822873814482623	0.0
0.0	0.8915706890632559	1.0164162058138746	0.8915706890632559	0.0	0.14222456910795206	1.0164162058138746	0.14222456910795206	0.0
0.0	0.15555312482770006	0.13919798274803247	0.15555312482770006	0.0	-0.01641402564813357	0.13919798274803247	-0.01641402564813357	0.0
0.0	0.19582058816120823	0.3242250322680423	0.19582058816120823	0.0	0.017982617458055964	0.3242250322680423	0.017982617458055964	0.0
0.0	0.4085524930295498	0.39887668122164516	0.4085524930295498	0.0	-0.016088486676724686	0.39887668122164516	-0.016088486676724686	0.0
0.0	0.4448089497762207	0.4387897465591694	0.4448089497762207	0.0	-0.002288285598543959	0.4387897465591694	-0.002288285598543959	0.0
0.0	0.573908823902784	0.5965945884698931	0.573908823902784	0.0	-0.017118453124725038	0.5965945884698931	-0.017118453124725038	0.0
0.0	0.30421014465108986	0.1511679361741194	0.30421014465108986	0.0	0.11555958107157208	0.1511679361741194	0.11555958107157208	0.0
0.0	0.15820545599867042	0.22319601213052023	0.15820545599867042	0.0	0.005499431381909827	0.22319601213052023	0.005499431381909827	0.0
0.0	0.5530724759864316	0.4725186303755561	0.5530724759864316	0.0	0.008715554147834925	0.4725186303755561	0.008715554147834925	0.0
0.0	1.046456064992086	3.035320800552909	1.046456064992086	0.0	0.40976333966156747	3.035320800552909	0.40976333966156747	0.0
0.0	0.4848442144345321	0.40641888857586805	0.4848442144345321	0.0	0.06895160146672931	0.40641888857586805	0.06895160146672931	0.0
0.0	0.28333966114516074	0.3138676732178439	0.28333966114516074	0.0	0.08617151819228097	0.3138676732178439	0.08617151819228097	0.0
0.0	0.36450109173568634	0.3871846539799149	0.36450109173568634	0.0	0.0014745024567361942	0.3871846539799149	0.0014745024567361942	0.0
0.0	0.8356711917249152	0.9567388412001827	0.8356711917249152	0.0	0.023635841564085058	0.9567388412001827	0.023635841564085058	0.0
0.0	0.5018336446291384	0.8614491020178848	0.5018336446291384	0.0	0.1244009147323292	0.8614491020178848	0.1244009147323292	0.0
0.0	0.5619340942177995	0.736466020875422	0.5619340942177995	0.0	0.0593673007878217	0.736466020875422	0.0593673007878217	0.0
0.0	0.5116447646639823	0.4179455923501385	0.5116447646639823	0.0	0.042169104530879034	0.4179455923501385	0.042169104530879034	0.0
0.0	0.588938104617301	0.47915473554888455	0.588938104617301	0.0	0.06580122204623233	0.47915473554888455	0.06580122204623233	0.0
0.0	0.35840608842809213	0.3240553723209734	0.35840608842809213	0.0	0.02467093905928296	0.3240553723209734	0.02467093905928296	0.0
0.0	0.9163608455983754	2.758357816378062	0.9163608455983754	0.0	1.33125068448133	2.758357816378062	1.33125068448133	0.0
0.0	0.6329935155961461	0.5767346469961416	0.6329935155961461	0.0	0.00038582829189208494	0.5767346469961416	0.00038582829189208494	0.0
0.0	0.7207867740819924	0.5449824281468454	0.7207867740819924	0.0	0.10822689445745891	0.5449824281468454	0.10822689445745891	0.0
0.0	0.625958837125319	0.7438289284309169	0.625958837125319	0.0	0.023813640659664286	0.7438289284309169	0.023813640659664286	0.0
0.0	0.2749545923347255	0.1291243634339069	0.2749545923347255	0.0	0.023304810026232258	0.1291243634339069	0.023304810026232258	0.0
0.0	0.28345827499571197	0.256943595892156	0.28345827499571197	0.0	0.013785932581127529	0.256943595892156	0.013785932581127529	0.0
0.0	0.3295745687522995	0.59906947606901	0.3295745687522995	0.0	0.28301895355784323	0.59906947606901	0.28301895355784323	0.0
0.0	0.3383636382584661	0.9372025868379056	0.3383636382584661	0.0	0.329093522128846	0.9372025868379056	0.329093522128846	0.0
0.0	0.30586251179982393	0.4589587350283049	0.30586251179982393	0.0	0.3306879220872292	0.4589587350283049	0.3306879220872292	0.0
0.0	0.6042559398779578	0.609139220299577	0.6042559398779578	0.0	0.03328948226748022	0.609139220299577	0.03328948226748022	0.0
0.0	0.34729286712491314	0.326884157515071	0.34729286712491314	0.0	0.17502217330195763	0.326884157515071	0.17502217330195763	0.0
0.0	0.6245163125863316	1.427086930702361	0.6245163125863316	0.0	0.42141621385295047	1.427086930702361	0.42141621385295047	0.0
0.0	0.3979237895350244	0.8792677429891237	0.3979237895350244	0.0	0.4925843082603677	0.8792677429891237	0.4925843082603677	0.0
0.0	0.440303128859076	0.570666906706393	0.440303128859076	0.0	0.07007727770223322	0.570666906706393	0.07007727770223322	0.0
0.0	0.9400107719383077	1.3571130643242342	0.9400107719383077	0.0	0.028784629133133215	1.3571130643242342	0.028784629133133215	0.0
0.0	0.5404584004910294	0.5862417088413183	0.5404584004910294	0.0	0.05774841139829669	0.5862417088413183	0.05774841139829669	0.0
0.0	0.36717663705490994	0.35265555272188936	0.36717663705490994	0.0	0.02279932701529665	0.35265555272188936	0.02279932701529665	0.0
0.0	0.5331036312645462	0.5562230894690989	0.5331036312645462	0.0	0.07020858204001569	0.5562230894690989	0.07020858204001569	0.0
0.0	0.8805114697825014	1.3640138029944808	0.8805114697825014	0.0	0.04692644850594124	1.3640138029944808	0.04692644850594124	0.0
0.0	0.46591019886114177	0.7378943814928448	0.46591019886114177	0.0	-0.0034147379075827777	0.7378943814928448	-0.0034147379075827777	0.0
0.0	0.3778200394653302	0.2713414373097772	0.3778200394653302	0.0	0.33992922775794593	0.2713414373097772	0.33992922775794593	0.0
0.0	0.36542776942494437	0.2900455926102844	0.36542776942494437	0.0	0.027543283028177813	0.2900455926102844	0.027543283028177813	0.0
0.0	0.8648567491219445	0.6883562273462911	0.8648567491219445	0.0	0.019430087317403914	0.6883562273462911	0.019430087317403914	0.0
0.0	0.26555925530665286	0.46071611728816897	0.26555925530665286	0.0	0.04849212756563823	0.46071611728816897	0.04849212756563823	0.0
0.0	0.4597845631914071	0.45927179721634	0.4597845631914071	0.0	0.20529708230945476	0.45927179721634	0.20529708230945476	0.0
0.0	0.6685294422950263	0.9016148657488035	0.6685294422950263	0.0	0.03622005046799413	0.9016148657488035	0.03622005046799413	0.0
0.0	0.7606878538611005	0.8463661597871353	0.7606878538611005	0.0	0.029148689563773523	0.8463661597871353	0.029148689563773523	0.0
0.0	0.7258199224247445	0.6457505747520075	0.7258199224247445	0.0	0.0945936213991421	0.6457505747520075	0.0945936213991421	0.0
0.0	0.4602951106324652	0.5251098083781641	0.4602951106324652	0.0	-0.010593528030133581	0.5251098083781641	-0.010593528030133581	0.0
0.0	0.3795004041122189	0.4471874826266371	0.3795004041122189	0.0	-0.015458670578868973	0.4471874826266371	-0.015458670578868973	0.0
0.0	0.5053128558487864	0.3807196377402417	0.5053128558487864	0.0	0.01388496527480835	0.3807196377402417	0.01388496527480835	0.0
0.0	0.5643804304738355	0.6978514579028136	0.5643804304738355	0.0	0.019543849603968117	0.6978514579028136	0.019543849603968117	0.0
0.0	0.14146864943904067	0.12042175975194833	0.14146864943904067	0.0	-0.019684612600681127	0.12042175975194833	-0.019684612600681127	0.0
0.0	0.14919048060945847	0.2778786884882925	0.14919048060945847	0.0	0.0035256445622394755	0.2778786884882925	0.0035256445622394755	0.0
0.0	0.15279876592577543	0.14510204239254537	0.15279876592577543	0.0	0.3227818105864572	0.14510204239254537	0.3227818105864572	0.0
0.0	0.2672919569308935	0.4206892312709655	0.2672919569308935	0.0	0.08846956648256063	0.4206892312709655	0.08846956648256063	0.0
0.0	1.0394701329710982	0.961918693477269	1.0394701329710982	0.0	-0.0015056339401644198	0.961918693477269	-0.0015056339401644198	0.0
0.0	0.559122317261692	0.6578301764383142	0.559122317261692	0.0	-0.0013041401228601366	0.6578301764383142	-0.0013041401228601366	0.0
0.0	0.6288113328250677	0.4161571456557333	0.6288113328250677	0.0	0.10555547706577291	0.4161571456557333	0.10555547706577291	0.0
0.0	0.40071258784410124	0.23562427239397213	0.40071258784410124	0.0	0.00966652387388056	0.23562427239397213	0.00966652387388056	0.0
0.0	0.4319974694935301	0.40285176579829873	0.4319974694935301	0.0	0.034329057791142994	0.40285176579829873	0.034329057791142994	0.0
0.0	0.11087933488635467	0.06536720315312593	0.11087933488635467	0.0	0.009383777888066795	0.06536720315312593	0.009383777888066795	0.0
0.0	0.4266239890471501	1.0177072833331864	0.4266239890471501	0.0	0.2963917501270915	1.0177072833331864	0.2963917501270915	0.0
0.0	0.6461235742884258	0.9629208486546358	0.6461235742884258	0.0	-0.0018240878657254612	0.9629208486546358	-0.0018240878657254612	0.0
0.0	0.5962627640174373	0.9497638830287742	0.5962627640174373	0.0	0.09861131383902537	0.9497638830287742	0.09861131383902537	0.0
0.0	0.5865351518433254	0.5336089636199778	0.5865351518433254	0.0	0.1485876582304184	0.5336089636199778	0.1485876582304184	0.0
0.0	0.4182491997601775	0.7018330960698457	0.4182491997601775	0.0	0.21152418326220385	0.7018330960698457	0.21152418326220385	0.0
0.0	0.914080982056115	0.7284812566438045	0.914080982056115	0.0	0.03755312853065431	0.7284812566438045	0.03755312853065431	0.0
0.0	0.1754864683408572	0.1751842270455797	0.1754864683408572	0.0	0.06628044044766915	0.1751842270455797	0.06628044044766915	0.0
0.0	0.6382266959287568	0.814355431837649	0.6382266959287568	0.0	0.0071396171641235654	0.814355431837649	0.0071396171641235654	0.0
0.0	1.891936861972785	1.6088315578391694	1.891936861972785	0.0	-0.025386984305616745	1.6088315578391694	-0.025386984305616745	0.0
0.0	0.42377859357648223	0.5564059507290501	0.42377859357648223	0.0	0.08400940184955029	0.5564059507290501	0.08400940184955029	0.0
0.0	0.7152749348074037	0.9843995130915736	0.7152749348074037	0.0	0.08697218020025814	0.9843995130915736	0.08697218020025814	0.0
0.0	0.8435495605898409	2.3566897865852874	0.8435495605898409	0.0	0.2102251917999155	2.3566897865852874	0.2102251917999155	0.0
0.0	0.19238654042507103	0.17835719552350907	0.19238654042507103	0.0	-0.008378130583354047	0.17835719552350907	-0.008378130583354047	0.0
0.0	0.4183672113356213	0.7541509358723564	0.4183672113356213	0.0	0.08331852715796606	0.7541509358723564	0.08331852715796606	0.0
0.0	0.8336912661996815	0.7101060422540421	0.8336912661996815	0.0	0.2526163669189851	0.7101060422540421	0.2526163669189851	0.0
0.0	0.06927040928645835	0.2634025146002457	0.06927040928645835	0.0	0.03677531945444671	0.2634025146002457	0.03677531945444671	0.0
0.0	0.9814401491264938	1.8520434722936998	0.9814401491264938	0.0	0.08939848721334749	1.8520434722936998	0.08939848721334749	0.0
0.0	0.4426395863434287	0.5046730013172671	0.4426395863434287	0.0	0.04599148621910387	0.5046730013172671	0.04599148621910387	0.0
0.0	0.3317409209675163	0.23403828269715823	0.3317409209675163	0.0	0.08296152806880444	0.23403828269715823	0.08296152806880444	0.0
0.0	0.4417916420785644	0.5856468337848223	0.4417916420785644	0.0	0.016397475509170437	0.5856468337848223	0.016397475509170437	0.0
0.0	0.42075520346456197	0.6554174877583963	0.42075520346456197	0.0	0.01680980831461441	0.6554174877583963	0.01680980831461441	0.0
0.0	0.3704140790927268	0.20856743877796124	0.3704140790927268	0.0	0.09527451024489035	0.20856743877796124	0.09527451024489035	0.0
0.0	0.40768581814830424	0.24906466512781844	0.40768581814830424	0.0	0.11317128609529524	0.24906466512781844	0.11317128609529524	0.0
0.0	0.7676903586701611	0.426190129612978	0.7676903586701611	0.0	0.1217864366139195	0.426190129612978	0.1217864366139195	0.0
0.0	0.17645986452346862	0.22041558968944078	0.17645986452346862	0.0	-0.019371416884907015	0.22041558968944078	-0.019371416884907015	0.0
0.0	0.21261680506289557	0.27690563163250614	0.21261680506289557	0.0	0.12859174179524346	0.27690563163250614	0.12859174179524346	0.0
0.0	0.8168384629776648	0.6053490896304585	0.8168384629776648	0.0	0.031575508680257935	0.6053490896304585	0.031575508680257935	0.0
0.0	0.15999802743582764	0.24974726336309908	0.15999802743582764	0.0	0.029882226634809144	0.24974726336309908	0.029882226634809144	0.0
0.0	0.3385588457209761	0.39053260709353815	0.3385588457209761	0.0	-0.02094098969248407	0.39053260709353815	-0.02094098969248407	0.0
0.0	0.33614232797655197	0.5551403168248801	0.33614232797655197	0.0	0.03519243917151146	0.5551403168248801	0.03519243917151146	0.0
0.0	1.8007656113205692	1.6701507735031205	1.8007656113205692	0.0	0.02445165120532681	1.6701507735031205	0.02445165120532681	0.0
0.0	1.1760596017217957	0.6391652950230169	1.1760596017217957	0.0	0.021259473937048527	0.6391652950230169	0.021259473937048527	0.0
0.0	0.09740057554612193	0.12606940382558718	0.09740057554612193	0.0	-0.023225046964453027	0.12606940382558718	-0.023225046964453027	0.0
0.0	0.2083350022910532	0.2727586682754892	0.2083350022910532	0.0	0.03818533270845368	0.2727586682754892	0.03818533270845368	0.0
0.0	0.36246461078648734	0.4241253453370357	0.36246461078648734	0.0	0.06058722921901456	0.4241253453370357	0.06058722921901456	0.0
0.0	0.6542084109624907	0.9061461316354619	0.6542084109624907	0.0	0.08047183780284835	0.9061461316354619	0.08047183780284835	0.0
0.0	0.9091297820687686	0.9497604719554884	0.9091297820687686	0.0	0.045788331975192	0.9497604719554884	0.045788331975192	0.0
0.0	0.66500985477066	0.5485488482775467	0.66500985477066	0.0	0.01982411986403411	0.5485488482775467	0.01982411986403411	0.0
0.0	0.5307075973824196	0.6016262989227493	0.5307075973824196	0.0	0.018459359782447202	0.6016262989227493	0.018459359782447202	0.0
0.0	0.4220416885388264	0.1689581908113682	0.4220416885388264	0.0	0.1507776860210166	0.1689581908113682	0.1507776860210166	0.0
0.0	0.15852749869814461	0.22509794998208602	0.15852749869814461	0.0	0.010354653306318082	0.22509794998208602	0.010354653306318082	0.0
0.0	1.144450281240075	0.7185275329995992	1.144450281240075	0.0	0.10671161435819639	0.7185275329995992	0.10671161435819639	0.0
0.0	0.4752320515343723	0.4855276455880302	0.4752320515343723	0.0	0.009839908952948905	0.4855276455880302	0.009839908952948905	0.0
0.0	0.7323159771956826	2.1009910063129285	0.7323159771956826	0.0	0.28838958412331994	2.1009910063129285	0.28838958412331994	0.0
0.0	0.22358391360457136	0.14009121734617444	0.22358391360457136	0.0	0.1070200244953983	0.14009121734617444	0.1070200244953983	0.0
0.0	0.19811467607974767	0.25598298391018043	0.19811467607974767	0.0	0.02267954514736106	0.25598298391018043	0.02267954514736106	0.0
0.0	0.2229872446118748	0.24156042440563635	0.2229872446118748	0.0	0.027313638434141183	0.24156042440563635	0.027313638434141183	0.0
0.0	0.7710982842954179	0.9745889244777461	0.7710982842954179	0.0	-0.02168108419306195	0.9745889244777461	-0.02168108419306195	0.0
0.0	0.18689271679010808	0.21835864015943052	0.18689271679010808	0.0	0.02327127659576615	0.21835864015943052	0.02327127659576615	0.0
0.0	0.5451710023492721	1.024344857817491	0.5451710023492721	0.0	0.16679270744953598	1.024344857817491	0.16679270744953598	0.0
0.0	0.5030734095052216	0.3261271194876721	0.5030734095052216	0.0	0.10061338608787836	0.3261271194876721	0.10061338608787836	0.0
0.0	0.2282063135605149	0.41167132262331635	0.2282063135605149	0.0	0.07305860104074866	0.41167132262331635	0.07305860104074866	0.0
0.0	2.034933628706278	1.2222069072089967	2.034933628706278	0.0	0.09451681203109036	1.2222069072089967	0.09451681203109036	0.0
0.0	0.2727714286574354	0.36550717724692644	0.2727714286574354	0.0	0.15188512410784302	0.36550717724692644	0.15188512410784302	0.0
0.0	0.5578550245038794	0.5587209397022971	0.5578550245038794	0.0	0.005993738423448655	0.5587209397022971	0.005993738423448655	0.0
0.0	0.8167462351895036	1.1662060192943635	0.8167462351895036	0.0	0.021051909757933963	1.1662060192943635	0.021051909757933963	0.0
0.0	0.2923482445176416	0.3486454600197159	0.2923482445176416	0.0	0.06968161165126749	0.3486454600197159	0.06968161165126749	0.0
0.0	0.3206235981484424	0.5310981845636423	0.3206235981484424	0.0	0.4319963411341455	0.5310981845636423	0.4319963411341455	0.0
0.0	0.8395150833196036	0.7760750792054786	0.8395150833196036	0.0	0.06171152036563559	0.7760750792054786	0.06171152036563559	0.0
0.0	0.9387433446320754	0.8868806345734759	0.9387433446320754	0.0	-0.015476768461446093	0.8868806345734759	-0.015476768461446093	0.0
0.0	0.6672740867826431	0.825832816462504	0.6672740867826431	0.0	-0.004571426843023996	0.825832816462504	-0.004571426843023996	0.0
0.0	1.064808638428562	0.86754168711338	1.064808638428562	0.0	0.0495942414092338	0.86754168711338	0.0495942414092338	0.0
0.0	0.6862253012568076	0.4997751417568217	0.6862253012568076	0.0	0.07484863134516002	0.4997751417568217	0.07484863134516002	0.0
0.0	0.7044837121715506	0.8120025705163864	0.7044837121715506	0.0	0.322279382302658	0.8120025705163864	0.322279382302658	0.0
0.0	0.39894465316397615	0.34254538056848416	0.39894465316397615	0.0	0.13537005095733284	0.34254538056848416	0.13537005095733284	0.0
0.0	0.5367161945207164	0.6004245058399742	0.5367161945207164	0.0	-0.021807790529587145	0.6004245058399742	-0.021807790529587145	0.0
0.0	0.18545821461538536	0.4431012508837405	0.18545821461538536	0.0	0.12372793996365576	0.4431012508837405	0.12372793996365576	0.0
0.0	0.6631052832873382	0.6339070611026677	0.6631052832873382	0.0	0.018602094629743302	0.6339070611026677	0.018602094629743302	0.0
0.0	0.4791943512011957	0.3478504924049421	0.4791943512011957	0.0	0.1360716730471098	0.3478504924049421	0.1360716730471098	0.0
0.0	0.16552171365831914	0.14716470021424913	0.16552171365831914	0.0	-0.019841576664154065	0.14716470021424913	-0.019841576664154065	0.0
0.0	0.3187928995955963	0.3851493612107772	0.3187928995955963	0.0	0.07997655221530219	0.3851493612107772	0.07997655221530219	0.0
0.0	1.2089842573130356	0.9138578975364988	1.2089842573130356	0.0	0.04750169467028801	0.9138578975364988	0.04750169467028801	0.0
0.0	0.4959437927030261	0.6571476060948708	0.4959437927030261	0.0	-0.028012161520672256	0.6571476060948708	-0.028012161520672256	0.0
0.0	0.5071189096193309	0.4844391928483026	0.5071189096193309	0.0	-0.021882750638457082	0.4844391928483026	-0.021882750638457082	0.0
0.0	1.0064048955945863	1.0861240359282232	1.0064048955945863	0.0	0.03601962896470533	1.0861240359282232	0.03601962896470533	0.0
0.0	0.5507552274932659	0.5246629364315846	0.5507552274932659	0.0	0.0023709767800807655	0.5246629364315846	0.0023709767800807655	0.0
0.0	0.3704649705424083	0.6037597053746351	0.3704649705424083	0.0	0.1022658537985875	0.6037597053746351	0.1022658537985875	0.0
0.0	0.22780523398187416	1.2621025647404285	0.22780523398187416	0.0	0.4225357298255698	1.2621025647404285	0.4225357298255698	0.0
0.0	0.6475138112852337	0.863160126747864	0.6475138112852337	0.0	0.2598398462522824	0.863160126747864	0.2598398462522824	0.0
0.0	0.5556120636185656	0.6033059742918268	0.5556120636185656	0.0	0.13353618198634398	0.6033059742918268	0.13353618198634398	0.0
0.0	1.2510977834423058	0.8928784273383031	1.2510977834423058	0.0	-0.01859164421814679	0.8928784273383031	-0.01859164421814679	0.0
0.0	0.2970930861586169	0.2774650340217588	0.2970930861586169	0.0	0.03836648417150707	0.2774650340217588	0.03836648417150707	0.0
0.0	0.5610951020648576	0.5457255179597026	0.5610951020648576	0.0	0.11706885177594913	0.5457255179597026	0.11706885177594913	0.0
0.0	0.09043873756282858	0.18370946516813752	0.09043873756282858	0.0	0.1989972173374539	0.18370946516813752	0.1989972173374539	0.0
0.0	0.7836263586529704	0.7707598988914741	0.7836263586529704	0.0	0.20109217364716972	0.7707598988914741	0.20109217364716972	0.0
0.0	0.17769909493516062	0.16660181703297186	0.17769909493516062	0.0	0.04890113582899456	0.16660181703297186	0.04890113582899456	0.0
0.0	0.16198393354067106	0.2957581758873053	0.16198393354067106	0.0	0.08180299119846174	0.2957581758873053	0.08180299119846174	0.0
0.0	0.2777297957902693	0.3005891562679004	0.2777297957902693	0.0	-0.023995827830809287	0.3005891562679004	-0.023995827830809287	0.0
0.0	0.149898053707123	0.29337191134037915	0.149898053707123	0.0	0.0717178108193483	0.29337191134037915	0.0717178108193483	0.0
0.0	0.2079548573563258	0.24986000380166504	0.2079548573563258	0.0	-0.037290346518333024	0.24986000380166504	-0.037290346518333024	0.0
0.0	0.45766262608592306	1.00535856170587	0.45766262608592306	0.0	0.1171401581512878	1.00535856170587	0.1171401581512878	0.0
0.0	0.3623396645311305	0.3527687998004236	0.3623396645311305	0.0	-0.022595990688196246	0.3527687998004236	-0.022595990688196246	0.0
0.0	0.7246616545591831	0.9994650230693113	0.7246616545591831	0.0	0.1147169224186331	0.9994650230693113	0.1147169224186331	0.0
0.0	0.13425636390195345	0.21417952765560105	0.13425636390195345	0.0	-0.01285579085944459	0.21417952765560105	-0.01285579085944459	0.0
0.0	0.6376409549242437	0.5478808067401263	0.6376409549242437	0.0	0.027134781739824285	0.5478808067401263	0.027134781739824285	0.0
0.0	0.755420671893427	0.6953867317925624	0.755420671893427	0.0	0.1372423306444188	0.6953867317925624	0.1372423306444188	0.0
0.0	0.9089476716402157	0.8846798671466367	0.9089476716402157	0.0	0.28825091225961313	0.8846798671466367	0.28825091225961313	0.0
0.0	0.7466767828202715	1.1210517644937479	0.7466767828202715	0.0	0.009915263389992313	1.1210517644937479	0.009915263389992313	0.0
0.0	0.3376058648800542	0.4258572465782682	0.3376058648800542	0.0	0.10915167564603592	0.4258572465782682	0.10915167564603592	0.0
0.0	1.2077836655748553	1.3764767032847585	1.2077836655748553	0.0	0.056247944608857264	1.3764767032847585	0.056247944608857264	0.0
0.0	0.45224721178353944	0.36695159198821675	0.45224721178353944	0.0	0.009551764624597123	0.36695159198821675	0.009551764624597123	0.0
0.0	0.9249260671234885	0.9923241073973759	0.9249260671234885	0.0	0.03692504135352102	0.9923241073973759	0.03692504135352102	0.0
0.0	0.08337523743083218	0.19497087286116918	0.08337523743083218	0.0	0.04131931282148176	0.19497087286116918	0.04131931282148176	0.0
0.0	0.9814940179879591	1.7730146817944332	0.9814940179879591	0.0	0.036173138787694764	1.7730146817944332	0.036173138787694764	0.0
0.0	0.43179192916878933	0.3209794293202825	0.43179192916878933	0.0	0.04628783163863733	0.3209794293202825	0.04628783163863733	0.0
0.0	0.8484326551792025	0.7088824889880877	0.8484326551792025	0.0	0.34358099206471004	0.7088824889880877	0.34358099206471004	0.0
0.0	0.1371650921868527	0.2096399119876988	0.1371650921868527	0.0	0.02568916038665434	0.2096399119876988	0.02568916038665434	0.0
0.0	0.42589444355098305	0.5513864214966939	0.42589444355098305	0.0	0.0419824586719618	0.5513864214966939	0.0419824586719618	0.0
0.0	0.31300565870376845	0.3155672558888675	0.31300565870376845	0.0	0.10271752382497282	0.3155672558888675	0.10271752382497282	0.0
0.0	0.7800336579988545	0.5136597116429722	0.7800336579988545	0.0	0.21492080633544566	0.5136597116429722	0.21492080633544566	0.0
0.0	0.4871920917347657	0.3875081848345108	0.4871920917347657	0.0	0.02544175747839727	0.3875081848345108	0.02544175747839727	0.0
0.0	0.5206114525523428	0.6452978736971208	0.5206114525523428	0.0	0.102930110699365	0.6452978736971208	0.102930110699365	0.0
0.0	0.13297437542971685	0.21448373168903404	0.13297437542971685	0.0	-0.008946331488316021	0.21448373168903404	-0.008946331488316021	0.0
0.0	0.39614896542972206	0.4360559277881969	0.39614896542972206	0.0	-0.01169653925445052	0.4360559277881969	-0.01169653925445052	0.0
0.0	0.194837083781433	0.21298314919855063	0.194837083781433	0.0	0.00787681050011948	0.21298314919855063	0.00787681050011948	0.0
0.0	0.2981588095389328	0.3245069719677555	0.2981588095389328	0.0	-0.0020806401969705804	0.3245069719677555	-0.0020806401969705804	0.0
0.0	0.06087643551124977	0.098159223361226	0.06087643551124977	0.0	-0.018931429701918533	0.098159223361226	-0.018931429701918533	0.0
0.0	0.26920784692539107	0.2311852674802468	0.26920784692539107	0.0	0.196753051593659	0.2311852674802468	0.196753051593659	0.0
0.0	1.9448947785578075	1.7834372572137032	1.9448947785578075	0.0	0.013066485876534266	1.7834372572137032	0.013066485876534266	0.0
0.0	0.3572453327733318	0.332500903740288	0.3572453327733318	0.0	0.01965147802506004	0.332500903740288	0.01965147802506004	0.0
0.0	0.5683622841727677	0.5748317109208502	0.5683622841727677	0.0	0.007586570318610962	0.5748317109208502	0.007586570318610962	0.0
0.0	0.9049921243901923	0.8676415991743763	0.9049921243901923	0.0	0.1608372173912627	0.8676415991743763	0.1608372173912627	0.0
0.0	0.9649425267196303	0.9765674035326272	0.9649425267196303	0.0	0.04763915776303978	0.9765674035326272	0.04763915776303978	0.0
0.0	0.5461636934962429	0.9358432825803019	0.5461636934962429	0.0	0.08521982259929801	0.9358432825803019	0.08521982259929801	0.0
0.0	0.2774095261498953	0.28457635086207256	0.2774095261498953	0.0	-0.002222073557944092	0.28457635086207256	-0.002222073557944092	0.0
0.0	0.18292297389732795	0.23190340667798143	0.18292297389732795	0.0	0.08022074636464187	0.23190340667798143	0.08022074636464187	0.0
0.0	0.17855102972959086	0.3297525129915466	0.17855102972959086	0.0	0.028754267467154506	0.3297525129915466	0.028754267467154506	0.0
0.0	0.6687947985990683	0.6825903698339933	0.6687947985990683	0.0	0.009711095233694123	0.6825903698339933	0.009711095233694123	0.0
0.0	0.15655854820083023	0.15250077907423354	0.15655854820083023	0.0	-0.03495384323311976	0.15250077907423354	-0.03495384323311976	0.0
0.0	0.32751259638638175	0.20921970961640476	0.32751259638638175	0.0	0.14623634877710517	0.20921970961640476	0.14623634877710517	0.0
0.0	0.9893342666643113	0.8186913155605215	0.9893342666643113	0.0	0.041697256517243195	0.8186913155605215	0.041697256517243195	0.0
0.0	0.5308709043094865	0.42236173581841185	0.5308709043094865	0.0	0.09578537629775175	0.42236173581841185	0.09578537629775175	0.0
0.0	0.26069248874061157	0.29231037058484133	0.26069248874061157	0.0	0.04907160178686207	0.29231037058484133	0.04907160178686207	0.0
0.0	1.146713669027361	1.1270085184312817	1.146713669027361	0.0	0.06465320742429193	1.1270085184312817	0.06465320742429193	0.0
0.0	0.7741825034373014	1.1327579753248502	0.7741825034373014	0.0	0.033431433367889625	1.1327579753248502	0.033431433367889625	0.0
0.0	0.09155874681560408	0.09528870100651289	0.09155874681560408	0.0	-0.021009891095662286	0.09528870100651289	-0.021009891095662286	0.0
0.0	0.5437046770553214	0.5867164259345109	0.5437046770553214	0.0	-0.004107970253718794	0.5867164259345109	-0.004107970253718794	0.0
0.0	0.33087461193014533	0.6097105052970404	0.33087461193014533	0.0	0.07812148159873265	0.6097105052970404	0.07812148159873265	0.0
0.0	0.18824556677451248	0.384485004596188	0.18824556677451248	0.0	0.1179061032863531	0.384485004596188	0.1179061032863531	0.0
0.0	0.8936364492248958	1.0402902363270503	0.8936364492248958	0.0	-0.004804135244119121	1.0402902363270503	-0.004804135244119121	0.0
0.0	0.39915106373319853	0.5607651800074007	0.39915106373319853	0.0	0.1609943121153865	0.5607651800074007	0.1609943121153865	0.0
0.0	0.2284827058646261	0.5048958948072771	0.2284827058646261	0.0	0.48473258246521367	0.5048958948072771	0.48473258246521367	0.0
0.0	0.48884225351730665	0.368720122218217	0.48884225351730665	0.0	0.0069315488567633435	0.368720122218217	0.0069315488567633435	0.0
0.0	0.4613969139001317	0.3571980623452052	0.4613969139001317	0.0	0.15255226565064525	0.3571980623452052	0.15255226565064525	0.0
0.0	0.5814274974322786	0.4779086307195771	0.5814274974322786	0.0	0.0673227850276301	0.4779086307195771	0.0673227850276301	0.0
0.0	0.6431450715038731	0.5605437804496662	0.6431450715038731	0.0	-0.007503780556750855	0.5605437804496662	-0.007503780556750855	0.0
0.0	2.269052722526189	2.265885533193059	2.269052722526189	0.0	0.005342584164450262	2.265885533193059	0.005342584164450262	0.0
0.0	0.3992639833753149	0.24791294434840544	0.3992639833753149	0.0	0.031681542755575276	0.24791294434840544	0.031681542755575276	0.0
0.0	0.31842981126297015	0.36566079005785895	0.31842981126297015	0.0	0.021415147983900654	0.36566079005785895	0.021415147983900654	0.0
0.0	0.6310838751160943	0.6255508027050982	0.6310838751160943	0.0	-0.015529208424139242	0.6255508027050982	-0.015529208424139242	0.0
0.0	0.4953025998379302	0.26580870132023987	0.4953025998379302	0.0	0.18654206848473587	0.26580870132023987	0.18654206848473587	0.0
0.0	0.5015115876720765	0.23348735738795132	0.5015115876720765	0.0	0.09374290226805818	0.23348735738795132	0.09374290226805818	0.0
0.0	0.33303921979064893	0.3944347852907837	0.33303921979064893	0.0	0.0883330138649392	0.3944347852907837	0.0883330138649392	0.0
0.0	0.6609568574626178	0.6042565435595908	0.6609568574626178	0.0	-0.02318814684118339	0.6042565435595908	-0.02318814684118339	0.0
0.0	0.5037798031953278	0.9165189138705486	0.5037798031953278	0.0	0.08386688770584369	0.9165189138705486	0.08386688770584369	0.0
0.0	0.388414390673796	0.2866598029683724	0.388414390673796	0.0	0.09199216028682738	0.2866598029683724	0.09199216028682738	0.0
0.0	0.26626795142955734	0.3156794049229377	0.26626795142955734	0.0	-0.006307224334607923	0.3156794049229377	-0.006307224334607923	0.0
0.0	0.08920162735928831	0.2671197181704582	0.08920162735928831	0.0	0.36419643353142717	0.2671197181704582	0.36419643353142717	0.0
0.0	0.2819911667995575	0.7186818160226264	0.2819911667995575	0.0	0.2114463754527018	0.7186818160226264	0.2114463754527018	0.0
0.0	0.22360816637375983	0.39526233454209986	0.22360816637375983	0.0	0.18276197860296264	0.39526233454209986	0.18276197860296264	0.0
0.0	0.138393137695995	0.19130958656211067	0.138393137695995	0.0	0.021992801987056287	0.19130958656211067	0.021992801987056287	0.0
0.0	0.3834525827700993	0.6271070104043581	0.3834525827700993	0.0	0.09461474700211032	0.6271070104043581	0.09461474700211032	0.0
0.0	0.38895795232928837	0.41988717069518244	0.38895795232928837	0.0	0.019960679524296462	0.41988717069518244	0.019960679524296462	0.0
