population in sample
0	0	1

generation in sample
0.0	5420.0	5420.0

expected_linearlized_fst_array
0.0	0.45166666666666666	0.5348333333333334	0.45166666666666666	0.0	0.08316666666666667	0.5348333333333334	0.08316666666666667	0.0	

mean_linearlized_fst_array
0.0	0.48151287009343896	0.5697299228456243	0.48151287009343896	0.0	0.08687666256117611	0.5697299228456243	0.08687666256117611	0.0

median_linearlized_fst_array
0.0	0.47881373102100566	0.5693282585511836	0.47881373102100566	0.0	0.08719556823870231	0.5693282585511836	0.08719556823870231	0.0

std_linearlized_fst_array
0.0	0.02438622480381686	0.03038682146520086	0.02438622480381686	0.0	0.010744043306235823	0.03038682146520086	0.010744043306235823	0.0

linearlized_fst_array
0.0	0.49335680511877694	0.5734267623415282	0.49335680511877694	0.0	0.09470235065473584	0.5734267623415282	0.09470235065473584	0.0
0.0	0.4715167069690851	0.5568800268159397	0.4715167069690851	0.0	0.08793870068519442	0.5568800268159397	0.08793870068519442	0.0
0.0	0.5161659543954179	0.5673584308563467	0.5161659543954179	0.0	0.08002909575304132	0.5673584308563467	0.08002909575304132	0.0
0.0	0.47877526144171595	0.5473261017331943	0.47877526144171595	0.0	0.07653371026150152	0.5473261017331943	0.07653371026150152	0.0
0.0	0.46245803072429587	0.5402725850587774	0.46245803072429587	0.0	0.07920258910505251	0.5402725850587774	0.07920258910505251	0.0
0.0	0.5263394863612405	0.6264349965133774	0.5263394863612405	0.0	0.08200388968949798	0.6264349965133774	0.08200388968949798	0.0
0.0	0.49613832824175563	0.5950609379266393	0.49613832824175563	0.0	0.10947546236124682	0.5950609379266393	0.10947546236124682	0.0
0.0	0.4279604512656174	0.5359628649087463	0.4279604512656174	0.0	0.08130072291543256	0.5359628649087463	0.08130072291543256	0.0
0.0	0.5011348509051169	0.5871407963073939	0.5011348509051169	0.0	0.08258371730426337	0.5871407963073939	0.08258371730426337	0.0
0.0	0.44382997105531397	0.5443572837380519	0.44382997105531397	0.0	0.08811909873018486	0.5443572837380519	0.08811909873018486	0.0
0.0	0.5022979829030348	0.6160447516208111	0.5022979829030348	0.0	0.09780675325831763	0.6160447516208111	0.09780675325831763	0.0
0.0	0.4670667303244666	0.5705746880155841	0.4670667303244666	0.0	0.09069963231500794	0.5705746880155841	0.09069963231500794	0.0
0.0	0.5066576971585242	0.5877211255076571	0.5066576971585242	0.0	0.09087497270172802	0.5877211255076571	0.09087497270172802	0.0
0.0	0.4761441950213263	0.5689681896047726	0.4761441950213263	0.0	0.1142474097767574	0.5689681896047726	0.1142474097767574	0.0
0.0	0.4756274841933386	0.554042647935707	0.4756274841933386	0.0	0.08005926281486465	0.554042647935707	0.08005926281486465	0.0
0.0	0.45918446895906	0.6132337495431354	0.45918446895906	0.0	0.10388704505818912	0.6132337495431354	0.10388704505818912	0.0
0.0	0.4332927125471848	0.5160542866286472	0.4332927125471848	0.0	0.10151793312894024	0.5160542866286472	0.10151793312894024	0.0
0.0	0.48834988175190236	0.627018688911374	0.48834988175190236	0.0	0.08482782606725597	0.627018688911374	0.08482782606725597	0.0
0.0	0.4788522006002954	0.5734468950367958	0.4788522006002954	0.0	0.07084902328358765	0.5734468950367958	0.07084902328358765	0.0
0.0	0.4945701858578178	0.6215750587621907	0.4945701858578178	0.0	0.10910630034736613	0.6215750587621907	0.10910630034736613	0.0
0.0	0.4961359402316508	0.5782281728560101	0.4961359402316508	0.0	0.08498973413762291	0.5782281728560101	0.08498973413762291	0.0
0.0	0.49439043310289177	0.6214022891797193	0.49439043310289177	0.0	0.09173587969616372	0.6214022891797193	0.09173587969616372	0.0
0.0	0.46454183034225854	0.5758543721413766	0.46454183034225854	0.0	0.09122851581370743	0.5758543721413766	0.09122851581370743	0.0
0.0	0.45345436098429964	0.5423448975724908	0.45345436098429964	0.0	0.0875742033924404	0.5423448975724908	0.0875742033924404	0.0
0.0	0.48952752925985193	0.5647021361539142	0.48952752925985193	0.0	0.07076965944101822	0.5647021361539142	0.07076965944101822	0.0
0.0	0.5241245735018535	0.6213764488691026	0.5241245735018535	0.0	0.10127378697596535	0.6213764488691026	0.10127378697596535	0.0
0.0	0.5093519795141465	0.6150845815828503	0.5093519795141465	0.0	0.07793004304007171	0.6150845815828503	0.07793004304007171	0.0
0.0	0.48471140789744616	0.6050608486438677	0.48471140789744616	0.0	0.08669652608405184	0.6050608486438677	0.08669652608405184	0.0
0.0	0.5175996116816575	0.5953192469830517	0.5175996116816575	0.0	0.07253531646418837	0.5953192469830517	0.07253531646418837	0.0
0.0	0.49702199335723335	0.5754459091683246	0.49702199335723335	0.0	0.09420833666233888	0.5754459091683246	0.09420833666233888	0.0
0.0	0.464620225797724	0.5714119565053107	0.464620225797724	0.0	0.09602906744329835	0.5714119565053107	0.09602906744329835	0.0
0.0	0.4760400772125446	0.5618002125264971	0.4760400772125446	0.0	0.09001526663972785	0.5618002125264971	0.09001526663972785	0.0
0.0	0.46947277188711073	0.5534428855021496	0.46947277188711073	0.0	0.08952944339874042	0.5534428855021496	0.08952944339874042	0.0
0.0	0.46891247148442755	0.6024045819387539	0.46891247148442755	0.0	0.07983226325170005	0.6024045819387539	0.07983226325170005	0.0
0.0	0.4850007189253296	0.5448681653739934	0.4850007189253296	0.0	0.080581206818846	0.5448681653739934	0.080581206818846	0.0
0.0	0.4801133987690583	0.5554003965927918	0.4801133987690583	0.0	0.08997529469891512	0.5554003965927918	0.08997529469891512	0.0
0.0	0.49134005257779234	0.5675949808725098	0.49134005257779234	0.0	0.088749111321093	0.5675949808725098	0.088749111321093	0.0
0.0	0.4746615490321024	0.5750935373514043	0.4746615490321024	0.0	0.10461124333973135	0.5750935373514043	0.10461124333973135	0.0
0.0	0.5433971302253146	0.6181371035854243	0.5433971302253146	0.0	0.0868199117484539	0.6181371035854243	0.0868199117484539	0.0
0.0	0.5413219785771204	0.5827037382157144	0.5413219785771204	0.0	0.07569741622323989	0.5827037382157144	0.07569741622323989	0.0
0.0	0.49190494678849545	0.5826904496313384	0.49190494678849545	0.0	0.07809882979309662	0.5826904496313384	0.07809882979309662	0.0
0.0	0.4846028580038716	0.5616773676777103	0.4846028580038716	0.0	0.07775117013168195	0.5616773676777103	0.07775117013168195	0.0
0.0	0.44350148880818546	0.5146317542784709	0.44350148880818546	0.0	0.10039990226418039	0.5146317542784709	0.10039990226418039	0.0
0.0	0.44778711233406515	0.509150239255467	0.44778711233406515	0.0	0.096581184234067	0.509150239255467	0.096581184234067	0.0
0.0	0.4703621101810708	0.5906773382417854	0.4703621101810708	0.0	0.09099945670230446	0.5906773382417854	0.09099945670230446	0.0
0.0	0.47724443089156526	0.5861226332298242	0.47724443089156526	0.0	0.11751375176198414	0.5861226332298242	0.11751375176198414	0.0
0.0	0.46668283285441936	0.5627652302324524	0.46668283285441936	0.0	0.09147090430237775	0.5627652302324524	0.09147090430237775	0.0
0.0	0.4880892530507597	0.5794825188214794	0.4880892530507597	0.0	0.0762689691260878	0.5794825188214794	0.0762689691260878	0.0
0.0	0.4771681081144031	0.533777687247797	0.4771681081144031	0.0	0.07342352589698889	0.533777687247797	0.07342352589698889	0.0
0.0	0.4453992666157396	0.5078015206761478	0.4453992666157396	0.0	0.08146423372152514	0.5078015206761478	0.08146423372152514	0.0
0.0	0.5021582667721826	0.584696237196837	0.5021582667721826	0.0	0.09056253324057383	0.584696237196837	0.09056253324057383	0.0
0.0	0.47954666963529513	0.5754620588560115	0.47954666963529513	0.0	0.09268081966177887	0.5754620588560115	0.09268081966177887	0.0
0.0	0.46659785137587284	0.5756604531866804	0.46659785137587284	0.0	0.08906711588293338	0.5756604531866804	0.08906711588293338	0.0
0.0	0.44763466024012705	0.5561195128456857	0.44763466024012705	0.0	0.08750257360507752	0.5561195128456857	0.08750257360507752	0.0
0.0	0.4772529113776146	0.5966232443409696	0.4772529113776146	0.0	0.07781048946590587	0.5966232443409696	0.07781048946590587	0.0
0.0	0.47117087929106155	0.5505644060337832	0.47117087929106155	0.0	0.09812109993045524	0.5505644060337832	0.09812109993045524	0.0
0.0	0.5017832136022389	0.5780708622250995	0.5017832136022389	0.0	0.07205502264151999	0.5780708622250995	0.07205502264151999	0.0
0.0	0.5204558236680161	0.6234283561999743	0.5204558236680161	0.0	0.08891353089608386	0.6234283561999743	0.08891353089608386	0.0
0.0	0.5175930553629868	0.5675691312238113	0.5175930553629868	0.0	0.07292436497797815	0.5675691312238113	0.07292436497797815	0.0
0.0	0.45714323206478347	0.5069767722994949	0.45714323206478347	0.0	0.06767171256818537	0.5069767722994949	0.06767171256818537	0.0
0.0	0.45475606623163634	0.5286531066607653	0.45475606623163634	0.0	0.0732345213035913	0.5286531066607653	0.0732345213035913	0.0
0.0	0.4893565439933923	0.5646581518089757	0.4893565439933923	0.0	0.07700644770104431	0.5646581518089757	0.07700644770104431	0.0
0.0	0.5062421029263321	0.5901116162127782	0.5062421029263321	0.0	0.07986045374999255	0.5901116162127782	0.07986045374999255	0.0
0.0	0.4709333774653865	0.5395433647416945	0.4709333774653865	0.0	0.09445854624281645	0.5395433647416945	0.09445854624281645	0.0
0.0	0.49087395091190694	0.5259238833043032	0.49087395091190694	0.0	0.07093670402822093	0.5259238833043032	0.07093670402822093	0.0
0.0	0.4337080094813995	0.528235044948311	0.4337080094813995	0.0	0.08819046881179778	0.528235044948311	0.08819046881179778	0.0
0.0	0.5007032401948729	0.5682447757446885	0.5007032401948729	0.0	0.08392948949185576	0.5682447757446885	0.08392948949185576	0.0
0.0	0.4618211736192448	0.5470273220286503	0.4618211736192448	0.0	0.0711733394495707	0.5470273220286503	0.0711733394495707	0.0
0.0	0.5165707581691842	0.5929851783368735	0.5165707581691842	0.0	0.08519166214995458	0.5929851783368735	0.08519166214995458	0.0
0.0	0.5289298642000765	0.5946873151443495	0.5289298642000765	0.0	0.09047760686663715	0.5946873151443495	0.09047760686663715	0.0
0.0	0.46404896972654164	0.5510279415943728	0.46404896972654164	0.0	0.08806148768892111	0.5510279415943728	0.08806148768892111	0.0
0.0	0.48940011678917145	0.5909014823629803	0.48940011678917145	0.0	0.0868885628723271	0.5909014823629803	0.0868885628723271	0.0
0.0	0.47480105316116844	0.5525486339583411	0.47480105316116844	0.0	0.08348789371698302	0.5525486339583411	0.08348789371698302	0.0
0.0	0.4732191163628564	0.5640593758965974	0.4732191163628564	0.0	0.08485144692417101	0.5640593758965974	0.08485144692417101	0.0
0.0	0.5066863090842291	0.6036997682211902	0.5066863090842291	0.0	0.10258211396993022	0.6036997682211902	0.10258211396993022	0.0
0.0	0.4608198907947657	0.5422619570958218	0.4608198907947657	0.0	0.06922641788573979	0.5422619570958218	0.06922641788573979	0.0
0.0	0.47286205960195793	0.5696723402732099	0.47286205960195793	0.0	0.09826881760847349	0.5696723402732099	0.09826881760847349	0.0
0.0	0.4881984187141799	0.6208713620617793	0.4881984187141799	0.0	0.1005376298422452	0.6208713620617793	0.1005376298422452	0.0
0.0	0.47317932445763117	0.5602196726192524	0.47317932445763117	0.0	0.08771269896279335	0.5602196726192524	0.08771269896279335	0.0
0.0	0.45839508426782244	0.5522869089569822	0.45839508426782244	0.0	0.10017475370376745	0.5522869089569822	0.10017475370376745	0.0
0.0	0.4710967205845194	0.5297716624616089	0.4710967205845194	0.0	0.07544389042815515	0.5297716624616089	0.07544389042815515	0.0
0.0	0.43310315080536027	0.5047631004092038	0.43310315080536027	0.0	0.07327339312361837	0.5047631004092038	0.07327339312361837	0.0
0.0	0.4833527589892912	0.5716502742778278	0.4833527589892912	0.0	0.08451933906445372	0.5716502742778278	0.08451933906445372	0.0
0.0	0.4844846361261053	0.5689841768291575	0.4844846361261053	0.0	0.08032305594346446	0.5689841768291575	0.08032305594346446	0.0
