population in sample
0	0	1

generation in sample
0.0	5420.0	5420.0

expected_linearlized_fst_array
0.0	0.45166666666666666	0.5348333333333334	0.45166666666666666	0.0	0.08316666666666667	0.5348333333333334	0.08316666666666667	0.0	

mean_linearlized_fst_array
0.0	0.5062424314689759	0.6002777576154883	0.5062424314689759	0.0	0.09142329897772647	0.6002777576154883	0.09142329897772647	0.0

median_linearlized_fst_array
0.0	0.5071516876370907	0.5995133338717875	0.5071516876370907	0.0	0.08948753747901544	0.5995133338717875	0.08948753747901544	0.0

std_linearlized_fst_array
0.0	0.03710001825658076	0.04466301574643446	0.03710001825658076	0.0	0.016002601541839138	0.04466301574643446	0.016002601541839138	0.0

linearlized_fst_array
0.0	0.536298048867101	0.6324765806131716	0.536298048867101	0.0	0.10336136539180693	0.6324765806131716	0.10336136539180693	0.0
0.0	0.5014325089686433	0.5699311581362988	0.5014325089686433	0.0	0.08502318764173387	0.5699311581362988	0.08502318764173387	0.0
0.0	0.4614022618242467	0.5495314340818355	0.4614022618242467	0.0	0.09762673315996627	0.5495314340818355	0.09762673315996627	0.0
0.0	0.4163939857749042	0.5250095347570457	0.4163939857749042	0.0	0.08636340342663967	0.5250095347570457	0.08636340342663967	0.0
0.0	0.46719358371949016	0.5665105591603693	0.46719358371949016	0.0	0.07381864427082394	0.5665105591603693	0.07381864427082394	0.0
0.0	0.49641428524664644	0.5989761173709583	0.49641428524664644	0.0	0.10922031103961026	0.5989761173709583	0.10922031103961026	0.0
0.0	0.49890908966442704	0.6067185884311037	0.49890908966442704	0.0	0.1184119366666914	0.6067185884311037	0.1184119366666914	0.0
0.0	0.4808119730036476	0.522959997003757	0.4808119730036476	0.0	0.06814915061694195	0.522959997003757	0.06814915061694195	0.0
0.0	0.49135345533310476	0.586914103389154	0.49135345533310476	0.0	0.10167144280318301	0.586914103389154	0.10167144280318301	0.0
0.0	0.483245959289141	0.577038037576129	0.483245959289141	0.0	0.08954379431352247	0.577038037576129	0.08954379431352247	0.0
0.0	0.4914943946251109	0.5671954878735547	0.4914943946251109	0.0	0.07717772237582662	0.5671954878735547	0.07717772237582662	0.0
0.0	0.5423355145754125	0.5725772630925362	0.5423355145754125	0.0	0.08060678569233855	0.5725772630925362	0.08060678569233855	0.0
0.0	0.4962734204780638	0.5953811387213982	0.4962734204780638	0.0	0.09900348750618893	0.5953811387213982	0.09900348750618893	0.0
0.0	0.47214473613886715	0.5687632910934748	0.47214473613886715	0.0	0.07506122286257384	0.5687632910934748	0.07506122286257384	0.0
0.0	0.5341202016619189	0.5789949753140909	0.5341202016619189	0.0	0.07284380448536355	0.5789949753140909	0.07284380448536355	0.0
0.0	0.6135411598866695	0.7349013544499473	0.6135411598866695	0.0	0.11281550195576286	0.7349013544499473	0.11281550195576286	0.0
0.0	0.49378483027789655	0.6220434607795949	0.49378483027789655	0.0	0.07938178472857763	0.6220434607795949	0.07938178472857763	0.0
0.0	0.4901877899795912	0.5530050070159589	0.4901877899795912	0.0	0.07984783084978353	0.5530050070159589	0.07984783084978353	0.0
0.0	0.4731840984738267	0.5355829476877239	0.4731840984738267	0.0	0.11571681817533742	0.5355829476877239	0.11571681817533742	0.0
0.0	0.5294626318046572	0.6319038192047532	0.5294626318046572	0.0	0.07144225326415717	0.6319038192047532	0.07144225326415717	0.0
0.0	0.48501734843180977	0.5763210375289907	0.48501734843180977	0.0	0.09701134595451576	0.5763210375289907	0.09701134595451576	0.0
0.0	0.5230025116498658	0.6055981300309122	0.5230025116498658	0.0	0.08500227158154847	0.6055981300309122	0.08500227158154847	0.0
0.0	0.46339751528578244	0.5934247980791596	0.46339751528578244	0.0	0.09722827180251764	0.5934247980791596	0.09722827180251764	0.0
0.0	0.5282935712554876	0.6232621956310551	0.5282935712554876	0.0	0.09737967077293948	0.6232621956310551	0.09737967077293948	0.0
0.0	0.5250275037034607	0.5883595671904953	0.5250275037034607	0.0	0.08928835985591294	0.5883595671904953	0.08928835985591294	0.0
0.0	0.4724951793205306	0.602544340587483	0.4724951793205306	0.0	0.08521821001326056	0.602544340587483	0.08521821001326056	0.0
0.0	0.498733435912485	0.589764979487245	0.498733435912485	0.0	0.11272173253772742	0.589764979487245	0.11272173253772742	0.0
0.0	0.5345144823133416	0.5940237591711571	0.5345144823133416	0.0	0.0671437883643631	0.5940237591711571	0.0671437883643631	0.0
0.0	0.5404092799554997	0.6978642889060045	0.5404092799554997	0.0	0.13151849984633987	0.6978642889060045	0.13151849984633987	0.0
0.0	0.5167638351673431	0.647195372731988	0.5167638351673431	0.0	0.09463939081581568	0.647195372731988	0.09463939081581568	0.0
0.0	0.570171297980461	0.6557655690303442	0.570171297980461	0.0	0.08789071366872553	0.6557655690303442	0.08789071366872553	0.0
0.0	0.5832009908108003	0.6184356287963834	0.5832009908108003	0.0	0.06464214163348878	0.6184356287963834	0.06464214163348878	0.0
0.0	0.4527379829662729	0.5610052651857341	0.4527379829662729	0.0	0.08335698714381214	0.5610052651857341	0.08335698714381214	0.0
0.0	0.5239513626768432	0.5780938455888157	0.5239513626768432	0.0	0.11732072696839381	0.5780938455888157	0.11732072696839381	0.0
0.0	0.5652679025004614	0.6985352304097252	0.5652679025004614	0.0	0.08364636313041685	0.6985352304097252	0.08364636313041685	0.0
0.0	0.4996857123382055	0.6022508632435024	0.4996857123382055	0.0	0.07248436249036201	0.6022508632435024	0.07248436249036201	0.0
0.0	0.5213037689300613	0.598848599459837	0.5213037689300613	0.0	0.08135508309683248	0.598848599459837	0.08135508309683248	0.0
0.0	0.48685433548334617	0.6087977716316043	0.48685433548334617	0.0	0.08852824908597919	0.6087977716316043	0.08852824908597919	0.0
0.0	0.4732034491959101	0.5350372925547602	0.4732034491959101	0.0	0.0684120694144876	0.5350372925547602	0.0684120694144876	0.0
0.0	0.5786327350417656	0.6678289958454373	0.5786327350417656	0.0	0.08708635753193696	0.6678289958454373	0.08708635753193696	0.0
0.0	0.4769355348597391	0.6236392457097288	0.4769355348597391	0.0	0.09975807345206907	0.6236392457097288	0.09975807345206907	0.0
0.0	0.5370226447784575	0.6483345817116901	0.5370226447784575	0.0	0.09145797147982881	0.6483345817116901	0.09145797147982881	0.0
0.0	0.4820076500259136	0.5283193147313832	0.4820076500259136	0.0	0.11638268397740134	0.5283193147313832	0.11638268397740134	0.0
0.0	0.5691228248048867	0.6379993227879063	0.5691228248048867	0.0	0.08935487762888407	0.6379993227879063	0.08935487762888407	0.0
0.0	0.4943921153457748	0.640459180973574	0.4943921153457748	0.0	0.10606060606057816	0.640459180973574	0.10606060606057816	0.0
0.0	0.5046886093270114	0.6045166490861487	0.5046886093270114	0.0	0.0914754576191948	0.6045166490861487	0.0914754576191948	0.0
0.0	0.4510675299862022	0.5824598083872965	0.4510675299862022	0.0	0.08333732774113757	0.5824598083872965	0.08333732774113757	0.0
0.0	0.5458237982840378	0.6410930324676843	0.5458237982840378	0.0	0.09096345947735188	0.6410930324676843	0.09096345947735188	0.0
0.0	0.5392727846427423	0.6281377115893013	0.5392727846427423	0.0	0.06963611025555004	0.6281377115893013	0.06963611025555004	0.0
0.0	0.4837966100706744	0.6209499309282356	0.4837966100706744	0.0	0.11565397982026412	0.6209499309282356	0.11565397982026412	0.0
0.0	0.5296992881707286	0.610631148264417	0.5296992881707286	0.0	0.105717080852771	0.610631148264417	0.105717080852771	0.0
0.0	0.4529207929969266	0.5813809064459959	0.4529207929969266	0.0	0.11101040122922527	0.5813809064459959	0.11101040122922527	0.0
0.0	0.46921614112478865	0.5501763947004605	0.46921614112478865	0.0	0.08681009084394478	0.5501763947004605	0.08681009084394478	0.0
0.0	0.5539619510002773	0.6576195955294822	0.5539619510002773	0.0	0.08476271040032449	0.6576195955294822	0.08476271040032449	0.0
0.0	0.4749743223599431	0.5663086761181628	0.4749743223599431	0.0	0.07231933144974341	0.5663086761181628	0.07231933144974341	0.0
0.0	0.4666833275284079	0.5343233255720721	0.4666833275284079	0.0	0.04884827901736455	0.5343233255720721	0.04884827901736455	0.0
0.0	0.4823765353465992	0.5888990586775897	0.4823765353465992	0.0	0.08006655173793982	0.5888990586775897	0.08006655173793982	0.0
0.0	0.5655478240287726	0.6435104342333389	0.5655478240287726	0.0	0.09480285944597572	0.6435104342333389	0.09480285944597572	0.0
0.0	0.5367461004164427	0.6181234118048128	0.5367461004164427	0.0	0.0762425352488568	0.6181234118048128	0.0762425352488568	0.0
0.0	0.5342584512800975	0.6244129423452862	0.5342584512800975	0.0	0.10179679269574075	0.6244129423452862	0.10179679269574075	0.0
0.0	0.4845652165690808	0.5700488183257884	0.4845652165690808	0.0	0.08901954790591937	0.5700488183257884	0.08901954790591937	0.0
0.0	0.5357128269726831	0.6667790873958238	0.5357128269726831	0.0	0.0921144117149955	0.6667790873958238	0.0921144117149955	0.0
0.0	0.5069402474697223	0.5629502576172111	0.5069402474697223	0.0	0.07328862617670301	0.5629502576172111	0.07328862617670301	0.0
0.0	0.5334225688084456	0.5641214651707283	0.5334225688084456	0.0	0.10111473527324266	0.5641214651707283	0.10111473527324266	0.0
0.0	0.5132590613536251	0.6083371214750714	0.5132590613536251	0.0	0.10252564543787694	0.6083371214750714	0.10252564543787694	0.0
0.0	0.5324109027855884	0.6183996814859266	0.5324109027855884	0.0	0.0835546580555999	0.6183996814859266	0.0835546580555999	0.0
0.0	0.48652107229027125	0.6096789601932485	0.48652107229027125	0.0	0.10735547485883118	0.6096789601932485	0.10735547485883118	0.0
0.0	0.5389036661039124	0.616960228379256	0.5389036661039124	0.0	0.08474455758424525	0.616960228379256	0.08474455758424525	0.0
0.0	0.534836220390886	0.5950213802104534	0.534836220390886	0.0	0.0985112542092235	0.5950213802104534	0.0985112542092235	0.0
0.0	0.46600951666047313	0.5735687014709958	0.46600951666047313	0.0	0.07077896257710231	0.5735687014709958	0.07077896257710231	0.0
0.0	0.5373292395212892	0.6927430030708769	0.5373292395212892	0.0	0.10263704536145243	0.6927430030708769	0.10263704536145243	0.0
0.0	0.42497448652869146	0.4997876009592062	0.42497448652869146	0.0	0.08966217805477283	0.4997876009592062	0.08966217805477283	0.0
0.0	0.490833842887233	0.6141243590111312	0.490833842887233	0.0	0.11411920324185072	0.6141243590111312	0.11411920324185072	0.0
0.0	0.5271306786203573	0.6201999683532465	0.5271306786203573	0.0	0.12139963277550937	0.6201999683532465	0.12139963277550937	0.0
0.0	0.5077749868146118	0.5946907234568835	0.5077749868146118	0.0	0.08425570370114252	0.5946907234568835	0.08425570370114252	0.0
0.0	0.4692787264963547	0.5374984640958428	0.4692787264963547	0.0	0.0894022029428421	0.5374984640958428	0.0894022029428421	0.0
0.0	0.44258604550076314	0.49745326820439667	0.44258604550076314	0.0	0.07778698394492359	0.49745326820439667	0.07778698394492359	0.0
0.0	0.5245123973625141	0.6021606428971694	0.5245123973625141	0.0	0.08542130586629039	0.6021606428971694	0.08542130586629039	0.0
0.0	0.49399020330951215	0.5772698839211616	0.49399020330951215	0.0	0.058884448504205766	0.5772698839211616	0.058884448504205766	0.0
0.0	0.5599620000887416	0.665942827933188	0.5599620000887416	0.0	0.08327573103645017	0.665942827933188	0.08327573103645017	0.0
0.0	0.4727106323431586	0.5566268780185079	0.4727106323431586	0.0	0.12100955184877085	0.5566268780185079	0.12100955184877085	0.0
0.0	0.5462485939619844	0.6815121201479474	0.5462485939619844	0.0	0.10333449043937913	0.6815121201479474	0.10333449043937913	0.0
0.0	0.5147087626933833	0.5591921552963804	0.5147087626933833	0.0	0.0901402288154335	0.5591921552963804	0.0901402288154335	0.0
0.0	0.469602418015572	0.5616574782566522	0.469602418015572	0.0	0.0916300883891367	0.5616574782566522	0.0916300883891367	0.0
0.0	0.5028560179091404	0.6006114806259525	0.5028560179091404	0.0	0.08572387328801538	0.6006114806259525	0.08572387328801538	0.0
0.0	0.5405949904859828	0.6947263083219568	0.5405949904859828	0.0	0.09377205491368795	0.6947263083219568	0.09377205491368795	0.0
0.0	0.4937002506479274	0.5807256321526449	0.4937002506479274	0.0	0.06742272502469904	0.5807256321526449	0.06742272502469904	0.0
0.0	0.5165372570489617	0.6121986198552157	0.5165372570489617	0.0	0.09279168967035598	0.6121986198552157	0.09279168967035598	0.0
0.0	0.5147911884339942	0.569908778147876	0.5147911884339942	0.0	0.06724621319030799	0.569908778147876	0.06724621319030799	0.0
0.0	0.5213803135582383	0.6337467912703751	0.5213803135582383	0.0	0.10042082785805079	0.6337467912703751	0.10042082785805079	0.0
0.0	0.45228562058514327	0.5078321290623533	0.45228562058514327	0.0	0.09426385258642009	0.5078321290623533	0.09426385258642009	0.0
0.0	0.5014869848247432	0.5717279131288593	0.5014869848247432	0.0	0.08844607508629661	0.5717279131288593	0.08844607508629661	0.0
0.0	0.5127683267521718	0.6148421957941583	0.5127683267521718	0.0	0.10137259442939393	0.6148421957941583	0.10137259442939393	0.0
0.0	0.51360991947868	0.5992412395896964	0.51360991947868	0.0	0.1207722501636529	0.5992412395896964	0.1207722501636529	0.0
0.0	0.5406490373227766	0.6671218290769418	0.5406490373227766	0.0	0.08706479361343222	0.6671218290769418	0.08706479361343222	0.0
0.0	0.5254838442840924	0.599586783533059	0.5254838442840924	0.0	0.06654995275625337	0.599586783533059	0.06654995275625337	0.0
0.0	0.4629487522258173	0.5300084598728834	0.4629487522258173	0.0	0.08649955096945337	0.5300084598728834	0.08649955096945337	0.0
0.0	0.5650996978152005	0.6845726119821413	0.5650996978152005	0.0	0.07630956860421215	0.6845726119821413	0.07630956860421215	0.0
0.0	0.5274833249564551	0.6303955304061151	0.5274833249564551	0.0	0.10977437906425	0.6303955304061151	0.10977437906425	0.0
0.0	0.5265600900590189	0.626288230538661	0.5265600900590189	0.0	0.08433761709478282	0.626288230538661	0.08433761709478282	0.0
0.0	0.47232795570201014	0.5546339832056654	0.47232795570201014	0.0	0.08438129742162201	0.5546339832056654	0.08438129742162201	0.0
0.0	0.5150056326615994	0.648412405878064	0.5150056326615994	0.0	0.085206181312177	0.648412405878064	0.085206181312177	0.0
0.0	0.554220385174883	0.6554071187267011	0.554220385174883	0.0	0.1010540153386071	0.6554071187267011	0.1010540153386071	0.0
0.0	0.4923237752106995	0.5904271696985744	0.4923237752106995	0.0	0.07407375804220497	0.5904271696985744	0.07407375804220497	0.0
0.0	0.5842876583469133	0.6673252124517579	0.5842876583469133	0.0	0.10252928393172232	0.6673252124517579	0.10252928393172232	0.0
0.0	0.572481648697161	0.637498465469992	0.572481648697161	0.0	0.07032780998305507	0.637498465469992	0.07032780998305507	0.0
0.0	0.524769885390211	0.6518733083325108	0.524769885390211	0.0	0.1123414586097242	0.6518733083325108	0.1123414586097242	0.0
0.0	0.48674165269916736	0.5857278975833103	0.48674165269916736	0.0	0.08669455387008602	0.5857278975833103	0.08669455387008602	0.0
0.0	0.524321165970108	0.6201743897623	0.524321165970108	0.0	0.092159002575829	0.6201743897623	0.092159002575829	0.0
0.0	0.4734002983078443	0.5325521042866816	0.4734002983078443	0.0	0.08289741506996291	0.5325521042866816	0.08289741506996291	0.0
0.0	0.4556644265111698	0.5448733445629276	0.4556644265111698	0.0	0.09257233298916047	0.5448733445629276	0.09257233298916047	0.0
0.0	0.5536621219338655	0.6947941526578238	0.5536621219338655	0.0	0.12407850995830333	0.6947941526578238	0.12407850995830333	0.0
0.0	0.5222654689988693	0.641867909207557	0.5222654689988693	0.0	0.09190623343693455	0.641867909207557	0.09190623343693455	0.0
0.0	0.4979109896757869	0.5486525167077609	0.4979109896757869	0.0	0.0883872337843389	0.5486525167077609	0.0883872337843389	0.0
0.0	0.49065255154449583	0.6150286766702314	0.49065255154449583	0.0	0.09012483184189514	0.6150286766702314	0.09012483184189514	0.0
0.0	0.45095139767462133	0.5328561198635772	0.45095139767462133	0.0	0.07778127506314503	0.5328561198635772	0.07778127506314503	0.0
0.0	0.4665662692931427	0.6065818300444981	0.4665662692931427	0.0	0.11954155728558981	0.6065818300444981	0.11954155728558981	0.0
0.0	0.5690582868103294	0.6396097643139393	0.5690582868103294	0.0	0.10869738332638959	0.6396097643139393	0.10869738332638959	0.0
0.0	0.5071592019265623	0.6121455356751341	0.5071592019265623	0.0	0.08280724094430601	0.6121455356751341	0.08280724094430601	0.0
0.0	0.4541618554896832	0.5207744572754387	0.4541618554896832	0.0	0.06802627558812095	0.5207744572754387	0.06802627558812095	0.0
0.0	0.5302014826141286	0.5855975351906493	0.5302014826141286	0.0	0.09163031374027622	0.5855975351906493	0.09163031374027622	0.0
0.0	0.5401269947890203	0.622091059256967	0.5401269947890203	0.0	0.10600966155872571	0.622091059256967	0.10600966155872571	0.0
0.0	0.45269144700738556	0.5328922312476034	0.45269144700738556	0.0	0.08622035216787752	0.5328922312476034	0.08622035216787752	0.0
0.0	0.48387602407009106	0.5914323503821888	0.48387602407009106	0.0	0.08429977075740057	0.5914323503821888	0.08429977075740057	0.0
0.0	0.5176605630402109	0.6531150818414351	0.5176605630402109	0.0	0.0911544553101738	0.6531150818414351	0.0911544553101738	0.0
0.0	0.4814138803396518	0.5732770699541575	0.4814138803396518	0.0	0.11692645600109625	0.5732770699541575	0.11692645600109625	0.0
0.0	0.5366257165195985	0.6355954880887846	0.5366257165195985	0.0	0.08785187578869086	0.6355954880887846	0.08785187578869086	0.0
0.0	0.48886720313192417	0.5814858607100548	0.48886720313192417	0.0	0.10907375648580214	0.5814858607100548	0.10907375648580214	0.0
0.0	0.5184415743782848	0.5931639888293427	0.5184415743782848	0.0	0.13421197882553604	0.5931639888293427	0.13421197882553604	0.0
0.0	0.5153596639172244	0.5962686239031143	0.5153596639172244	0.0	0.09257818859321959	0.5962686239031143	0.09257818859321959	0.0
0.0	0.46972550990677425	0.5842231570744881	0.46972550990677425	0.0	0.09615871228627873	0.5842231570744881	0.09615871228627873	0.0
0.0	0.546842890928318	0.6243041361834818	0.546842890928318	0.0	0.08074702001716898	0.6243041361834818	0.08074702001716898	0.0
0.0	0.5141376695931911	0.5394878763661536	0.5141376695931911	0.0	0.07518047651414829	0.5394878763661536	0.07518047651414829	0.0
0.0	0.49017510597298947	0.5594459021314855	0.49017510597298947	0.0	0.05975575527576056	0.5594459021314855	0.05975575527576056	0.0
0.0	0.4690419334610538	0.5333682281195828	0.4690419334610538	0.0	0.07785214134977962	0.5333682281195828	0.07785214134977962	0.0
0.0	0.5673241974618404	0.6458165751648604	0.5673241974618404	0.0	0.06425915427196599	0.6458165751648604	0.06425915427196599	0.0
0.0	0.49658136278456927	0.6309804320136012	0.49658136278456927	0.0	0.10985382045069492	0.6309804320136012	0.10985382045069492	0.0
0.0	0.45581026003932085	0.5820691599918476	0.45581026003932085	0.0	0.08381203677245169	0.5820691599918476	0.08381203677245169	0.0
0.0	0.4606213985963415	0.5829810424254552	0.4606213985963415	0.0	0.11859936560300943	0.5829810424254552	0.11859936560300943	0.0
0.0	0.480397909726133	0.5538539762329223	0.480397909726133	0.0	0.06284591294489744	0.5538539762329223	0.06284591294489744	0.0
0.0	0.5102094979689645	0.6002543096166567	0.5102094979689645	0.0	0.06289060897605663	0.6002543096166567	0.06289060897605663	0.0
0.0	0.5651029868234044	0.7063907955327204	0.5651029868234044	0.0	0.09760828277579481	0.7063907955327204	0.09760828277579481	0.0
0.0	0.5072000089945078	0.5849952668039319	0.5072000089945078	0.0	0.06735390733054017	0.5849952668039319	0.06735390733054017	0.0
0.0	0.5071441733476192	0.5884110438111264	0.5071441733476192	0.0	0.08627446256631241	0.5884110438111264	0.08627446256631241	0.0
0.0	0.48542354023602396	0.5606463623932612	0.48542354023602396	0.0	0.08274250421871504	0.5606463623932612	0.08274250421871504	0.0
0.0	0.583291622904976	0.6671649082963433	0.583291622904976	0.0	0.12654706345835978	0.6671649082963433	0.12654706345835978	0.0
0.0	0.5157013713900823	0.6187700266474787	0.5157013713900823	0.0	0.07554742460532525	0.6187700266474787	0.07554742460532525	0.0
0.0	0.4598008295912433	0.5889209753409335	0.4598008295912433	0.0	0.09490886196081211	0.5889209753409335	0.09490886196081211	0.0
0.0	0.47249227487142653	0.604300178034455	0.47249227487142653	0.0	0.10683997826734146	0.604300178034455	0.10683997826734146	0.0
0.0	0.48416423312764223	0.6381213780609412	0.48416423312764223	0.0	0.11472285864678469	0.6381213780609412	0.11472285864678469	0.0
0.0	0.5284539233488837	0.5994398842105159	0.5284539233488837	0.0	0.0850383107598391	0.5994398842105159	0.0850383107598391	0.0
0.0	0.5197355783456931	0.6287333355967273	0.5197355783456931	0.0	0.10410633608493298	0.6287333355967273	0.10410633608493298	0.0
0.0	0.5389013426934252	0.6695367517034401	0.5389013426934252	0.0	0.10263093755527138	0.6695367517034401	0.10263093755527138	0.0
0.0	0.5561082288929006	0.625600256856343	0.5561082288929006	0.0	0.07982324968083965	0.625600256856343	0.07982324968083965	0.0
0.0	0.5038306247126603	0.5611279412515175	0.5038306247126603	0.0	0.10842747363695296	0.5611279412515175	0.10842747363695296	0.0
0.0	0.5343623296326067	0.6447518255433818	0.5343623296326067	0.0	0.10043453724601202	0.6447518255433818	0.10043453724601202	0.0
0.0	0.5263121171238602	0.5986207354625701	0.5263121171238602	0.0	0.07465127051956096	0.5986207354625701	0.07465127051956096	0.0
0.0	0.48415429271647775	0.5586329858826198	0.48415429271647775	0.0	0.1156421189522198	0.5586329858826198	0.1156421189522198	0.0
0.0	0.42918695994936573	0.5221099756036257	0.42918695994936573	0.0	0.07667462904415075	0.5221099756036257	0.07667462904415075	0.0
0.0	0.48820084491444493	0.6100878258223754	0.48820084491444493	0.0	0.08440845680463355	0.6100878258223754	0.08440845680463355	0.0
0.0	0.512045985497965	0.6196263488852922	0.512045985497965	0.0	0.08931298884312155	0.6196263488852922	0.08931298884312155	0.0
0.0	0.48976527788093016	0.6251403186848289	0.48976527788093016	0.0	0.10907279407183267	0.6251403186848289	0.10907279407183267	0.0
0.0	0.4756638475788419	0.604588458250489	0.4756638475788419	0.0	0.11184827832948253	0.604588458250489	0.11184827832948253	0.0
0.0	0.5115693533304456	0.5797196555885378	0.5115693533304456	0.0	0.10126097440928315	0.5797196555885378	0.10126097440928315	0.0
0.0	0.5097500786304235	0.6239017775644389	0.5097500786304235	0.0	0.08279464870905914	0.6239017775644389	0.08279464870905914	0.0
0.0	0.4724310533051676	0.5749812723574125	0.4724310533051676	0.0	0.10861485239062847	0.5749812723574125	0.10861485239062847	0.0
0.0	0.48289174079824565	0.5516326152165864	0.48289174079824565	0.0	0.09098625021216314	0.5516326152165864	0.09098625021216314	0.0
0.0	0.5728231638120787	0.6806070041177459	0.5728231638120787	0.0	0.12574114955813812	0.6806070041177459	0.12574114955813812	0.0
0.0	0.5092992916153657	0.6089741668781158	0.5092992916153657	0.0	0.08975834762017894	0.6089741668781158	0.08975834762017894	0.0
0.0	0.44425296165489403	0.5447062400632677	0.44425296165489403	0.0	0.07188302865609456	0.5447062400632677	0.07188302865609456	0.0
0.0	0.5058060331955961	0.5934684435784829	0.5058060331955961	0.0	0.0701641966177918	0.5934684435784829	0.0701641966177918	0.0
0.0	0.3926965059756155	0.5122239112726847	0.3926965059756155	0.0	0.10096895835439462	0.5122239112726847	0.10096895835439462	0.0
0.0	0.5826457129014716	0.6334284008793232	0.5826457129014716	0.0	0.09830474160256787	0.6334284008793232	0.09830474160256787	0.0
0.0	0.48358878002217587	0.5789384587072489	0.48358878002217587	0.0	0.09499408690108366	0.5789384587072489	0.09499408690108366	0.0
0.0	0.5159144953511339	0.6129225689401514	0.5159144953511339	0.0	0.08308126973572096	0.6129225689401514	0.08308126973572096	0.0
0.0	0.5334512221745001	0.6551996395731187	0.5334512221745001	0.0	0.07950778021722528	0.6551996395731187	0.07950778021722528	0.0
0.0	0.5333495473188786	0.631206953098418	0.5333495473188786	0.0	0.11840467000296104	0.631206953098418	0.11840467000296104	0.0
0.0	0.44490960359600595	0.5623170905724518	0.44490960359600595	0.0	0.07756612279089183	0.5623170905724518	0.07756612279089183	0.0
0.0	0.5335658978027136	0.6098927023637711	0.5335658978027136	0.0	0.10505901649885362	0.6098927023637711	0.10505901649885362	0.0
0.0	0.5146093557821484	0.5695891518846741	0.5146093557821484	0.0	0.09031405284686887	0.5695891518846741	0.09031405284686887	0.0
0.0	0.5155660705597935	0.6403888857051063	0.5155660705597935	0.0	0.08477294703954812	0.6403888857051063	0.08477294703954812	0.0
0.0	0.502027105038621	0.5982951242890102	0.502027105038621	0.0	0.10028092225734332	0.5982951242890102	0.10028092225734332	0.0
0.0	0.4257423174597933	0.5137052199143005	0.4257423174597933	0.0	0.0894312806445084	0.5137052199143005	0.0894312806445084	0.0
0.0	0.5049868942966415	0.6054434252967558	0.5049868942966415	0.0	0.09172788101383322	0.6054434252967558	0.09172788101383322	0.0
