population in sample
0	0	1

generation in sample
0.0	5420.0	5420.0

expected_linearlized_fst_array
0.0	0.45166666666666666	0.5348333333333334	0.45166666666666666	0.0	0.08316666666666667	0.5348333333333334	0.08316666666666667	0.0	

mean_linearlized_fst_array
0.0	0.5324324137603584	0.6258537285995708	0.5324324137603584	0.0	0.09538053371409375	0.6258537285995708	0.09538053371409375	0.0

median_linearlized_fst_array
0.0	0.5321839947633624	0.6222064019998018	0.5321839947633624	0.0	0.09433166011906496	0.6222064019998018	0.09433166011906496	0.0

std_linearlized_fst_array
0.0	0.04994838942003977	0.05752063579228488	0.04994838942003977	0.0	0.020763115506058704	0.05752063579228488	0.020763115506058704	0.0

linearlized_fst_array
0.0	0.5440491768447004	0.6500910306982877	0.5440491768447004	0.0	0.09618084772757293	0.6500910306982877	0.09618084772757293	0.0
0.0	0.5849132583134002	0.7624602661941878	0.5849132583134002	0.0	0.1360480653329301	0.7624602661941878	0.1360480653329301	0.0
0.0	0.6002645644081576	0.6572170981805895	0.6002645644081576	0.0	0.05665409376355649	0.6572170981805895	0.05665409376355649	0.0
0.0	0.5270161390026943	0.6638538942147444	0.5270161390026943	0.0	0.1551505043284684	0.6638538942147444	0.1551505043284684	0.0
0.0	0.49581189182305685	0.5932699056869379	0.49581189182305685	0.0	0.10245903861926071	0.5932699056869379	0.10245903861926071	0.0
0.0	0.4963401944003202	0.6209529925957591	0.4963401944003202	0.0	0.0961962295021671	0.6209529925957591	0.0961962295021671	0.0
0.0	0.4619568297624773	0.5701541556303795	0.4619568297624773	0.0	0.08426929779564922	0.5701541556303795	0.08426929779564922	0.0
0.0	0.5949611083929472	0.6986980918518603	0.5949611083929472	0.0	0.11428733616738974	0.6986980918518603	0.11428733616738974	0.0
0.0	0.5600426251106135	0.7181505318233633	0.5600426251106135	0.0	0.1008842974942525	0.7181505318233633	0.1008842974942525	0.0
0.0	0.48189214030476296	0.5891305221470753	0.48189214030476296	0.0	0.09095095704276254	0.5891305221470753	0.09095095704276254	0.0
0.0	0.619672654355818	0.6803832500208501	0.619672654355818	0.0	0.10382446903082797	0.6803832500208501	0.10382446903082797	0.0
0.0	0.512403747114624	0.6328428649155994	0.512403747114624	0.0	0.09485277407490804	0.6328428649155994	0.09485277407490804	0.0
0.0	0.5116106977224546	0.5940827967158274	0.5116106977224546	0.0	0.06720876655027062	0.5940827967158274	0.06720876655027062	0.0
0.0	0.5022299560598668	0.6497153374121519	0.5022299560598668	0.0	0.07423983351676991	0.6497153374121519	0.07423983351676991	0.0
0.0	0.4887196169509468	0.5487070697015477	0.4887196169509468	0.0	0.10736423841057435	0.5487070697015477	0.10736423841057435	0.0
0.0	0.5466105265376802	0.6078272313394761	0.5466105265376802	0.0	0.07811545436031135	0.6078272313394761	0.07811545436031135	0.0
0.0	0.5642176856186897	0.664486223305984	0.5642176856186897	0.0	0.07862128676106996	0.664486223305984	0.07862128676106996	0.0
0.0	0.5450939513742677	0.7104104224596712	0.5450939513742677	0.0	0.11278916612556505	0.7104104224596712	0.11278916612556505	0.0
0.0	0.5500201048029446	0.6208990407215716	0.5500201048029446	0.0	0.1041423466261443	0.6208990407215716	0.1041423466261443	0.0
0.0	0.5097552176972187	0.5602287575726381	0.5097552176972187	0.0	0.11450874759812052	0.5602287575726381	0.11450874759812052	0.0
0.0	0.4595395770358244	0.5436266790943451	0.4595395770358244	0.0	0.0868104167132311	0.5436266790943451	0.0868104167132311	0.0
0.0	0.5128349775621891	0.6517458980292975	0.5128349775621891	0.0	0.08712849067129876	0.6517458980292975	0.08712849067129876	0.0
0.0	0.5717899986928436	0.614559271723173	0.5717899986928436	0.0	0.07669717952832988	0.614559271723173	0.07669717952832988	0.0
0.0	0.4744048133794338	0.5730968876136535	0.4744048133794338	0.0	0.06969593518136818	0.5730968876136535	0.06969593518136818	0.0
0.0	0.5503335975978312	0.6028832901409019	0.5503335975978312	0.0	0.08213571797560262	0.6028832901409019	0.08213571797560262	0.0
0.0	0.5405191483989765	0.627628162203085	0.5405191483989765	0.0	0.10432276109267848	0.627628162203085	0.10432276109267848	0.0
0.0	0.5185101901240949	0.6209418629336646	0.5185101901240949	0.0	0.09990882899965203	0.6209418629336646	0.09990882899965203	0.0
0.0	0.5726083169840019	0.6548586157047751	0.5726083169840019	0.0	0.09659491811818617	0.6548586157047751	0.09659491811818617	0.0
0.0	0.6555271251143667	0.6148130525813972	0.6555271251143667	0.0	0.09149854865864361	0.6148130525813972	0.09149854865864361	0.0
0.0	0.5343437811897067	0.6473273852036902	0.5343437811897067	0.0	0.09169821217539109	0.6473273852036902	0.09169821217539109	0.0
0.0	0.5216484471860109	0.6676658318051611	0.5216484471860109	0.0	0.08882501144496914	0.6676658318051611	0.08882501144496914	0.0
0.0	0.5600655654213464	0.6160673943691178	0.5600655654213464	0.0	0.10030377835213546	0.6160673943691178	0.10030377835213546	0.0
0.0	0.4193873995747487	0.5092969494508715	0.4193873995747487	0.0	0.07535447335165654	0.5092969494508715	0.07535447335165654	0.0
0.0	0.49743523792266786	0.5929781697684515	0.49743523792266786	0.0	0.06029946475754728	0.5929781697684515	0.06029946475754728	0.0
0.0	0.5078156559703189	0.5613686079630347	0.5078156559703189	0.0	0.08121259660336792	0.5613686079630347	0.08121259660336792	0.0
0.0	0.5158155903838488	0.6270815758162162	0.5158155903838488	0.0	0.07462825570236797	0.6270815758162162	0.07462825570236797	0.0
0.0	0.5377539635030381	0.5919102546830831	0.5377539635030381	0.0	0.07428459427673349	0.5919102546830831	0.07428459427673349	0.0
0.0	0.6170328009633086	0.6670737862758772	0.6170328009633086	0.0	0.06972282537826416	0.6670737862758772	0.06972282537826416	0.0
0.0	0.5489593538864694	0.6478907154237881	0.5489593538864694	0.0	0.10288822547841098	0.6478907154237881	0.10288822547841098	0.0
0.0	0.5446401459701665	0.6549711688089415	0.5446401459701665	0.0	0.10886839904661248	0.6549711688089415	0.10886839904661248	0.0
0.0	0.5181250150524256	0.6194295996792468	0.5181250150524256	0.0	0.09433166011906496	0.6194295996792468	0.09433166011906496	0.0
0.0	0.49947290272966527	0.5991657590028396	0.49947290272966527	0.0	0.07060269414811528	0.5991657590028396	0.07060269414811528	0.0
0.0	0.5181908553487405	0.6973446338528188	0.5181908553487405	0.0	0.12776258136410681	0.6973446338528188	0.12776258136410681	0.0
0.0	0.515943981112224	0.6374387564138714	0.515943981112224	0.0	0.11295649077828572	0.6374387564138714	0.11295649077828572	0.0
0.0	0.47956817162784227	0.5885962466784447	0.47956817162784227	0.0	0.08945599917286201	0.5885962466784447	0.08945599917286201	0.0
0.0	0.5703146743136668	0.6145642231043661	0.5703146743136668	0.0	0.06426265344930937	0.6145642231043661	0.06426265344930937	0.0
0.0	0.5430996127047341	0.6649932243443413	0.5430996127047341	0.0	0.094423787512103	0.6649932243443413	0.094423787512103	0.0
0.0	0.5469389124373104	0.6560468496622704	0.5469389124373104	0.0	0.08780977162397569	0.6560468496622704	0.08780977162397569	0.0
0.0	0.5410654569073274	0.6032861240649551	0.5410654569073274	0.0	0.09117995011873871	0.6032861240649551	0.09117995011873871	0.0
0.0	0.535612227315835	0.618180363902056	0.535612227315835	0.0	0.08819057562090539	0.618180363902056	0.08819057562090539	0.0
0.0	0.5738527910564598	0.6102337668786326	0.5738527910564598	0.0	0.07894262394929474	0.6102337668786326	0.07894262394929474	0.0
0.0	0.5760821987961031	0.6855605602044075	0.5760821987961031	0.0	0.09232918379292342	0.6855605602044075	0.09232918379292342	0.0
0.0	0.5021227486115666	0.6168977159223341	0.5021227486115666	0.0	0.08492298722119167	0.6168977159223341	0.08492298722119167	0.0
0.0	0.5891510387238916	0.6555524476229133	0.5891510387238916	0.0	0.0801751759245154	0.6555524476229133	0.0801751759245154	0.0
0.0	0.5241229588981808	0.5798799331407704	0.5241229588981808	0.0	0.10230679839073356	0.5798799331407704	0.10230679839073356	0.0
0.0	0.5673494444687993	0.589760162839139	0.5673494444687993	0.0	0.05570160124521395	0.589760162839139	0.05570160124521395	0.0
0.0	0.5690470564290279	0.6825043103130884	0.5690470564290279	0.0	0.0641842232841398	0.6825043103130884	0.0641842232841398	0.0
0.0	0.5641557393961457	0.6615915607991508	0.5641557393961457	0.0	0.0715230545773857	0.6615915607991508	0.0715230545773857	0.0
0.0	0.46846776626230546	0.5514478107259441	0.46846776626230546	0.0	0.09544316111624578	0.5514478107259441	0.09544316111624578	0.0
0.0	0.5332303351092541	0.6263101725115904	0.5332303351092541	0.0	0.07971377502168245	0.6263101725115904	0.07971377502168245	0.0
0.0	0.5885266803557899	0.728454798153445	0.5885266803557899	0.0	0.11867077837326541	0.728454798153445	0.11867077837326541	0.0
0.0	0.49019801295683696	0.6511063434853307	0.49019801295683696	0.0	0.09732029212770424	0.6511063434853307	0.09732029212770424	0.0
0.0	0.6387906434677723	0.7371891591604379	0.6387906434677723	0.0	0.1118094942599766	0.7371891591604379	0.1118094942599766	0.0
0.0	0.4669049622611617	0.5503817030311319	0.4669049622611617	0.0	0.09498005001159139	0.5503817030311319	0.09498005001159139	0.0
0.0	0.4989850724758646	0.5981744226430951	0.4989850724758646	0.0	0.1536423135139364	0.5981744226430951	0.1536423135139364	0.0
0.0	0.5476410339859294	0.6080343557485632	0.5476410339859294	0.0	0.09984091863175541	0.6080343557485632	0.09984091863175541	0.0
0.0	0.5589691976431318	0.6770721634957969	0.5589691976431318	0.0	0.13106026785710997	0.6770721634957969	0.13106026785710997	0.0
0.0	0.5206276901762658	0.6704832616709099	0.5206276901762658	0.0	0.09457983894639148	0.6704832616709099	0.09457983894639148	0.0
0.0	0.5481324666303578	0.6974756288437769	0.5481324666303578	0.0	0.0790894420845052	0.6974756288437769	0.0790894420845052	0.0
0.0	0.5411150563586611	0.6297629937879281	0.5411150563586611	0.0	0.11005393269543491	0.6297629937879281	0.11005393269543491	0.0
0.0	0.5317453751658034	0.5890661764968186	0.5317453751658034	0.0	0.07161110274722146	0.5890661764968186	0.07161110274722146	0.0
0.0	0.4732821796333431	0.6312183660395319	0.4732821796333431	0.0	0.09507868595197838	0.6312183660395319	0.09507868595197838	0.0
0.0	0.49198928927234553	0.5973500370087905	0.49198928927234553	0.0	0.10563065534680043	0.5973500370087905	0.10563065534680043	0.0
0.0	0.5220712964012701	0.6379387931291871	0.5220712964012701	0.0	0.0800679379747495	0.6379387931291871	0.0800679379747495	0.0
0.0	0.5119009583912927	0.64486926880626	0.5119009583912927	0.0	0.1058787822188797	0.64486926880626	0.1058787822188797	0.0
0.0	0.6148525720380303	0.7076617791269505	0.6148525720380303	0.0	0.08418892294218251	0.7076617791269505	0.08418892294218251	0.0
0.0	0.5873963276141864	0.7126227454402281	0.5873963276141864	0.0	0.12402101521452089	0.7126227454402281	0.12402101521452089	0.0
0.0	0.5491068164700696	0.60373958045196	0.5491068164700696	0.0	0.09207270714601447	0.60373958045196	0.09207270714601447	0.0
0.0	0.4719797753880797	0.5381951556526566	0.4719797753880797	0.0	0.09057620199616713	0.5381951556526566	0.09057620199616713	0.0
0.0	0.6664239118144805	0.7176244733703705	0.6664239118144805	0.0	0.056807936193372204	0.7176244733703705	0.056807936193372204	0.0
0.0	0.5434750620197927	0.6547152111256164	0.5434750620197927	0.0	0.12722934146794326	0.6547152111256164	0.12722934146794326	0.0
0.0	0.5240798923655057	0.595795275898899	0.5240798923655057	0.0	0.08689285154736906	0.595795275898899	0.08689285154736906	0.0
0.0	0.5178377877778504	0.6478046799563443	0.5178377877778504	0.0	0.09274302955484377	0.6478046799563443	0.09274302955484377	0.0
0.0	0.5123682799013707	0.6222064019998018	0.5123682799013707	0.0	0.06989547291906074	0.6222064019998018	0.06989547291906074	0.0
0.0	0.4494885791388078	0.6039912195453961	0.4494885791388078	0.0	0.13148543940281207	0.6039912195453961	0.13148543940281207	0.0
0.0	0.5235486255002588	0.5988884185390512	0.5235486255002588	0.0	0.0804403909625598	0.5988884185390512	0.0804403909625598	0.0
0.0	0.4708293564344112	0.578375474267879	0.4708293564344112	0.0	0.09071661588317216	0.578375474267879	0.09071661588317216	0.0
0.0	0.6247639260444894	0.7338447883574586	0.6247639260444894	0.0	0.08551289553983303	0.7338447883574586	0.08551289553983303	0.0
0.0	0.5214361986966252	0.6291768840787157	0.5214361986966252	0.0	0.07935961439143739	0.6291768840787157	0.07935961439143739	0.0
0.0	0.4900531901795016	0.6180496594470375	0.4900531901795016	0.0	0.10011238623399238	0.6180496594470375	0.10011238623399238	0.0
0.0	0.5706254618344834	0.7044193548874655	0.5706254618344834	0.0	0.11132031662911795	0.7044193548874655	0.11132031662911795	0.0
0.0	0.5253464414977711	0.6368847030480435	0.5253464414977711	0.0	0.09207244086944723	0.6368847030480435	0.09207244086944723	0.0
0.0	0.4641500476659648	0.5706699985774528	0.4641500476659648	0.0	0.0969528315479149	0.5706699985774528	0.0969528315479149	0.0
0.0	0.4545907522689902	0.6135142559671438	0.4545907522689902	0.0	0.08479888664051664	0.6135142559671438	0.08479888664051664	0.0
0.0	0.5775759233107359	0.6283409707255645	0.5775759233107359	0.0	0.06985196308439595	0.6283409707255645	0.06985196308439595	0.0
0.0	0.5075338799024386	0.6148926282066886	0.5075338799024386	0.0	0.11451727661615146	0.6148926282066886	0.11451727661615146	0.0
0.0	0.5029837841763533	0.6186855933487815	0.5029837841763533	0.0	0.09529453332752376	0.6186855933487815	0.09529453332752376	0.0
0.0	0.5256303632392512	0.6428067994502406	0.5256303632392512	0.0	0.12531465238830689	0.6428067994502406	0.12531465238830689	0.0
0.0	0.4098111438545557	0.5376559826277066	0.4098111438545557	0.0	0.0976454607199152	0.5376559826277066	0.0976454607199152	0.0
0.0	0.5161887184898593	0.6073740052330292	0.5161887184898593	0.0	0.11223704623018776	0.6073740052330292	0.11223704623018776	0.0
0.0	0.5364239199893149	0.5977487736828213	0.5364239199893149	0.0	0.0915886062630732	0.5977487736828213	0.0915886062630732	0.0
0.0	0.5324655456164986	0.6079052895150817	0.5324655456164986	0.0	0.10480821363715932	0.6079052895150817	0.10480821363715932	0.0
0.0	0.5649849907719477	0.6230725940447972	0.5649849907719477	0.0	0.08486963388055802	0.6230725940447972	0.08486963388055802	0.0
0.0	0.561878906309285	0.7108448537380854	0.561878906309285	0.0	0.0943851370747521	0.7108448537380854	0.0943851370747521	0.0
0.0	0.5288451519547743	0.6161132248349448	0.5288451519547743	0.0	0.08725597120730827	0.6161132248349448	0.08725597120730827	0.0
0.0	0.5321839947633624	0.6663991662081102	0.5321839947633624	0.0	0.09493359341757177	0.6663991662081102	0.09493359341757177	0.0
0.0	0.5101159325431165	0.5495682325366193	0.5101159325431165	0.0	0.133677305815517	0.5495682325366193	0.133677305815517	0.0
0.0	0.6307719126460034	0.7871797404104057	0.6307719126460034	0.0	0.10405742548253316	0.7871797404104057	0.10405742548253316	0.0
0.0	0.5607290480195158	0.6120721406199776	0.5607290480195158	0.0	0.10968926023931773	0.6120721406199776	0.10968926023931773	0.0
0.0	0.599211883773705	0.6410346382380188	0.599211883773705	0.0	0.06791843436922722	0.6410346382380188	0.06791843436922722	0.0
0.0	0.4824720385235409	0.5515276675719831	0.4824720385235409	0.0	0.06685064203647482	0.5515276675719831	0.06685064203647482	0.0
0.0	0.46449474340784835	0.5565728520236004	0.46449474340784835	0.0	0.09772922379106065	0.5565728520236004	0.09772922379106065	0.0
0.0	0.5402650927885689	0.6307627524930183	0.5402650927885689	0.0	0.12086126794168896	0.6307627524930183	0.12086126794168896	0.0
0.0	0.575770401765472	0.6643221186473196	0.575770401765472	0.0	0.09239853762731161	0.6643221186473196	0.09239853762731161	0.0
0.0	0.5275042877327817	0.6233674047218991	0.5275042877327817	0.0	0.07739328856613804	0.6233674047218991	0.07739328856613804	0.0
0.0	0.5250378126293832	0.5827872933348183	0.5250378126293832	0.0	0.07838103674386916	0.5827872933348183	0.07838103674386916	0.0
0.0	0.5411753713955072	0.6701767872864653	0.5411753713955072	0.0	0.09108816664271377	0.6701767872864653	0.09108816664271377	0.0
0.0	0.5312283330694079	0.6043753286105259	0.5312283330694079	0.0	0.08873582542191262	0.6043753286105259	0.08873582542191262	0.0
0.0	0.4965012242633824	0.6434525669886962	0.4965012242633824	0.0	0.11886914113937282	0.6434525669886962	0.11886914113937282	0.0
0.0	0.46885287981558266	0.5539609868446602	0.46885287981558266	0.0	0.08306303396844145	0.5539609868446602	0.08306303396844145	0.0
0.0	0.43994116138651645	0.51135204521794	0.43994116138651645	0.0	0.079534851917783	0.51135204521794	0.079534851917783	0.0
0.0	0.5048144073430865	0.6489135910617326	0.5048144073430865	0.0	0.09386700195582888	0.6489135910617326	0.09386700195582888	0.0
0.0	0.5531965155025474	0.7401255846097301	0.5531965155025474	0.0	0.14342214451283636	0.7401255846097301	0.14342214451283636	0.0
0.0	0.5072039151068608	0.6003545780723591	0.5072039151068608	0.0	0.07211309739908806	0.6003545780723591	0.07211309739908806	0.0
0.0	0.6102276856678309	0.8004081731232874	0.6102276856678309	0.0	0.13544967972937633	0.8004081731232874	0.13544967972937633	0.0
0.0	0.582755734531388	0.72061299709042	0.582755734531388	0.0	0.11686460882606121	0.72061299709042	0.11686460882606121	0.0
0.0	0.5589060330297297	0.6218587990745081	0.5589060330297297	0.0	0.13982179022262006	0.6218587990745081	0.13982179022262006	0.0
0.0	0.4918321491222066	0.5521930080634695	0.4918321491222066	0.0	0.08003840391632878	0.5521930080634695	0.08003840391632878	0.0
0.0	0.6406962371607811	0.7152952068572945	0.6406962371607811	0.0	0.16217415470994004	0.7152952068572945	0.16217415470994004	0.0
0.0	0.6190746544374969	0.6594379773531723	0.6190746544374969	0.0	0.11618231770785317	0.6594379773531723	0.11618231770785317	0.0
0.0	0.5940772310161732	0.6844546919727251	0.5940772310161732	0.0	0.11249307435866927	0.6844546919727251	0.11249307435866927	0.0
0.0	0.5678832214789932	0.6763694507418901	0.5678832214789932	0.0	0.1231762612638162	0.6763694507418901	0.1231762612638162	0.0
0.0	0.4827321226760407	0.504350365257702	0.4827321226760407	0.0	0.06344701763915335	0.504350365257702	0.06344701763915335	0.0
0.0	0.49752289707589314	0.6236886590341025	0.49752289707589314	0.0	0.08601666748729699	0.6236886590341025	0.08601666748729699	0.0
0.0	0.563964935378096	0.6296351321461683	0.563964935378096	0.0	0.1055139059290552	0.6296351321461683	0.1055139059290552	0.0
0.0	0.4927434507748642	0.6223607845104622	0.4927434507748642	0.0	0.11533063744817099	0.6223607845104622	0.11533063744817099	0.0
0.0	0.5148526093541088	0.673324735406923	0.5148526093541088	0.0	0.1175449650589763	0.673324735406923	0.1175449650589763	0.0
0.0	0.6735604799235222	0.7364379691221997	0.6735604799235222	0.0	0.12761235599439408	0.7364379691221997	0.12761235599439408	0.0
0.0	0.590661582417863	0.6358889731197972	0.590661582417863	0.0	0.10980609036422664	0.6358889731197972	0.10980609036422664	0.0
0.0	0.5357446623040941	0.6311885450135286	0.5357446623040941	0.0	0.10718761030706407	0.6311885450135286	0.10718761030706407	0.0
0.0	0.5983316488447917	0.6109345265633085	0.5983316488447917	0.0	0.0732755557565342	0.6109345265633085	0.0732755557565342	0.0
0.0	0.5816263144877554	0.6978437766101068	0.5816263144877554	0.0	0.1437473244615496	0.6978437766101068	0.1437473244615496	0.0
0.0	0.5957790930123341	0.669965691775123	0.5957790930123341	0.0	0.061094292376565426	0.669965691775123	0.061094292376565426	0.0
0.0	0.49340371087275964	0.634715799192196	0.49340371087275964	0.0	0.07154602733283097	0.634715799192196	0.07154602733283097	0.0
0.0	0.5940075407723047	0.7040807624961346	0.5940075407723047	0.0	0.12524005625083434	0.7040807624961346	0.12524005625083434	0.0
0.0	0.5449041789252286	0.6748495869213087	0.5449041789252286	0.0	0.10922192524972682	0.6748495869213087	0.10922192524972682	0.0
0.0	0.5366414892065323	0.6629492165128373	0.5366414892065323	0.0	0.09209209880530023	0.6629492165128373	0.09209209880530023	0.0
0.0	0.6023872518216964	0.7419937455503918	0.6023872518216964	0.0	0.11880000122841256	0.7419937455503918	0.11880000122841256	0.0
0.0	0.5952523190591907	0.6998505719351117	0.5952523190591907	0.0	0.07372763913424038	0.6998505719351117	0.07372763913424038	0.0
0.0	0.5526137040324971	0.6413234125471713	0.5526137040324971	0.0	0.07226151361583343	0.6413234125471713	0.07226151361583343	0.0
0.0	0.44421901067486674	0.5176854151406157	0.44421901067486674	0.0	0.08662049787899254	0.5176854151406157	0.08662049787899254	0.0
0.0	0.48259921228795916	0.6216200988282412	0.48259921228795916	0.0	0.14902719743318904	0.6216200988282412	0.14902719743318904	0.0
0.0	0.5714387649602819	0.651323838540926	0.5714387649602819	0.0	0.07460666358164722	0.651323838540926	0.07460666358164722	0.0
0.0	0.5761426271769439	0.6713649972195276	0.5761426271769439	0.0	0.10415051115915988	0.6713649972195276	0.10415051115915988	0.0
0.0	0.5353675601969171	0.6186840007824891	0.5353675601969171	0.0	0.09761779221670223	0.6186840007824891	0.09761779221670223	0.0
0.0	0.5047392092175682	0.6297270125062226	0.5047392092175682	0.0	0.10572198730147744	0.6297270125062226	0.10572198730147744	0.0
0.0	0.4642627993445262	0.5523875237668331	0.4642627993445262	0.0	0.094192577446577	0.5523875237668331	0.094192577446577	0.0
0.0	0.4758161819616113	0.5811840130142262	0.4758161819616113	0.0	0.11852966683756269	0.5811840130142262	0.11852966683756269	0.0
0.0	0.530126320304511	0.6359568877671331	0.530126320304511	0.0	0.08589916305757242	0.6359568877671331	0.08589916305757242	0.0
0.0	0.4239492195579091	0.47859177326945873	0.4239492195579091	0.0	0.07097534129643147	0.47859177326945873	0.07097534129643147	0.0
0.0	0.4349641070613668	0.4928278558688161	0.4349641070613668	0.0	0.09519818976277528	0.4928278558688161	0.09519818976277528	0.0
0.0	0.6003993499736449	0.695134392965755	0.6003993499736449	0.0	0.09152345557018135	0.695134392965755	0.09152345557018135	0.0
0.0	0.5507083800967331	0.6948473273022353	0.5507083800967331	0.0	0.14062456267806855	0.6948473273022353	0.14062456267806855	0.0
0.0	0.528449520098751	0.5513506985962204	0.528449520098751	0.0	0.09370818980576688	0.5513506985962204	0.09370818980576688	0.0
0.0	0.5247348301481829	0.5872283844312595	0.5247348301481829	0.0	0.09859044810082655	0.5872283844312595	0.09859044810082655	0.0
0.0	0.6169499961931493	0.7490160037420693	0.6169499961931493	0.0	0.08345215323044224	0.7490160037420693	0.08345215323044224	0.0
0.0	0.5578181795622458	0.6867805129133149	0.5578181795622458	0.0	0.1268383947226469	0.6867805129133149	0.1268383947226469	0.0
0.0	0.5282241444421232	0.5802517367393928	0.5282241444421232	0.0	0.07901712098693109	0.5802517367393928	0.07901712098693109	0.0
0.0	0.4888542221279274	0.5788628102436506	0.4888542221279274	0.0	0.12378713611091274	0.5788628102436506	0.12378713611091274	0.0
0.0	0.4952843783142068	0.5256634729738833	0.4952843783142068	0.0	0.09373755763007256	0.5256634729738833	0.09373755763007256	0.0
0.0	0.5409385575582156	0.6216843396868703	0.5409385575582156	0.0	0.05558325289648531	0.6216843396868703	0.05558325289648531	0.0
0.0	0.6825543408833898	0.7689168076094852	0.6825543408833898	0.0	0.0965434437786088	0.7689168076094852	0.0965434437786088	0.0
0.0	0.6365294682895386	0.7097560036653382	0.6365294682895386	0.0	0.09495910347467394	0.7097560036653382	0.09495910347467394	0.0
0.0	0.5471070054393741	0.6425774185409071	0.5471070054393741	0.0	0.08261704766755669	0.6425774185409071	0.08261704766755669	0.0
0.0	0.5524126312779283	0.5856443044877173	0.5524126312779283	0.0	0.06885357230834094	0.5856443044877173	0.06885357230834094	0.0
0.0	0.6124778291887352	0.6493264574896349	0.6124778291887352	0.0	0.06249329460557402	0.6493264574896349	0.06249329460557402	0.0
0.0	0.5230325879527769	0.6456203664963758	0.5230325879527769	0.0	0.10049686501829887	0.6456203664963758	0.10049686501829887	0.0
0.0	0.5225011351186061	0.6161056192501686	0.5225011351186061	0.0	0.08689559571552405	0.6161056192501686	0.08689559571552405	0.0
0.0	0.49780626168375264	0.5282355819073172	0.49780626168375264	0.0	0.06330807449965542	0.5282355819073172	0.06330807449965542	0.0
0.0	0.5608714906395206	0.6322609920846198	0.5608714906395206	0.0	0.0683769931662565	0.6322609920846198	0.0683769931662565	0.0
0.0	0.5743828766878506	0.6375971012841615	0.5743828766878506	0.0	0.07087083103978767	0.6375971012841615	0.07087083103978767	0.0
0.0	0.508749263629479	0.5798712350689753	0.508749263629479	0.0	0.06945997080920864	0.5798712350689753	0.06945997080920864	0.0
0.0	0.5353306083475566	0.6670850666889269	0.5353306083475566	0.0	0.12704024119366533	0.6670850666889269	0.12704024119366533	0.0
0.0	0.5904926603001778	0.6087457507880357	0.5904926603001778	0.0	0.07133463436460073	0.6087457507880357	0.07133463436460073	0.0
0.0	0.4501036873179425	0.514773557079681	0.4501036873179425	0.0	0.07286803324360175	0.514773557079681	0.07286803324360175	0.0
0.0	0.4973915177080829	0.549584823366083	0.4973915177080829	0.0	0.09525834554556495	0.549584823366083	0.09525834554556495	0.0
0.0	0.4713587358296863	0.5202741222890702	0.4713587358296863	0.0	0.10017368327772927	0.5202741222890702	0.10017368327772927	0.0
0.0	0.5464619985749101	0.6291936861357673	0.5464619985749101	0.0	0.0942885724556889	0.6291936861357673	0.0942885724556889	0.0
0.0	0.5425771458498815	0.6216742272402258	0.5425771458498815	0.0	0.08540713261422908	0.6216742272402258	0.08540713261422908	0.0
0.0	0.527565891923528	0.5863524649683498	0.527565891923528	0.0	0.11302855922129841	0.5863524649683498	0.11302855922129841	0.0
0.0	0.551398832266378	0.6221544070343377	0.551398832266378	0.0	0.11091145296580722	0.6221544070343377	0.11091145296580722	0.0
0.0	0.47658620213795094	0.6577795317614634	0.47658620213795094	0.0	0.15044463292265225	0.6577795317614634	0.15044463292265225	0.0
0.0	0.5550881876771244	0.6539632465452121	0.5550881876771244	0.0	0.06990793820163987	0.6539632465452121	0.06990793820163987	0.0
0.0	0.512410556477885	0.613687335034807	0.512410556477885	0.0	0.11198526855755056	0.613687335034807	0.11198526855755056	0.0
0.0	0.5273167801667874	0.610014882046268	0.5273167801667874	0.0	0.09013400701012544	0.610014882046268	0.09013400701012544	0.0
0.0	0.5323210227715067	0.6159573362392003	0.5323210227715067	0.0	0.08331985713286387	0.6159573362392003	0.08331985713286387	0.0
0.0	0.42636515756444926	0.5079494278965202	0.42636515756444926	0.0	0.08694189957088984	0.5079494278965202	0.08694189957088984	0.0
0.0	0.45460295388766453	0.5555160660362289	0.45460295388766453	0.0	0.07245574621988259	0.5555160660362289	0.07245574621988259	0.0
0.0	0.5205087608446527	0.6399732239469826	0.5205087608446527	0.0	0.0912212646550783	0.6399732239469826	0.0912212646550783	0.0
0.0	0.49059284913413076	0.6258207325149263	0.49059284913413076	0.0	0.07178045193452288	0.6258207325149263	0.07178045193452288	0.0
0.0	0.569079483966723	0.62528578863567	0.569079483966723	0.0	0.10250844066521975	0.62528578863567	0.10250844066521975	0.0
0.0	0.5459656763337396	0.6464750925206817	0.5459656763337396	0.0	0.0944608221647128	0.6464750925206817	0.0944608221647128	0.0
0.0	0.5446628731462603	0.5997813546984797	0.5446628731462603	0.0	0.08127459041755018	0.5997813546984797	0.08127459041755018	0.0
0.0	0.42922598809306456	0.5609145350222359	0.42922598809306456	0.0	0.11060285990058558	0.5609145350222359	0.11060285990058558	0.0
0.0	0.5310311547287967	0.577743696331061	0.5310311547287967	0.0	0.0841177466646158	0.577743696331061	0.0841177466646158	0.0
0.0	0.48799201506512213	0.5395077122622889	0.48799201506512213	0.0	0.10309027755356878	0.5395077122622889	0.10309027755356878	0.0
0.0	0.5359213577217006	0.6013183897345004	0.5359213577217006	0.0	0.057229722671139974	0.6013183897345004	0.057229722671139974	0.0
0.0	0.45398904920961675	0.5661200303720817	0.45398904920961675	0.0	0.09841607672982168	0.5661200303720817	0.09841607672982168	0.0
0.0	0.49520742117892447	0.5671456013798694	0.49520742117892447	0.0	0.07855881281011	0.5671456013798694	0.07855881281011	0.0
0.0	0.4694661675797396	0.567722731889881	0.4694661675797396	0.0	0.09280718470611671	0.567722731889881	0.09280718470611671	0.0
0.0	0.4977791329781553	0.580811512868507	0.4977791329781553	0.0	0.10311812779050399	0.580811512868507	0.10311812779050399	0.0
0.0	0.5469897482729333	0.6124818207120983	0.5469897482729333	0.0	0.09262618472240082	0.6124818207120983	0.09262618472240082	0.0
0.0	0.5952269571161101	0.6080093667424586	0.5952269571161101	0.0	0.06795143295908435	0.6080093667424586	0.06795143295908435	0.0
0.0	0.5904802719896085	0.70764492471774	0.5904802719896085	0.0	0.09490064422464398	0.70764492471774	0.09490064422464398	0.0
0.0	0.5787853582453032	0.7737799989627214	0.5787853582453032	0.0	0.13788167701860266	0.7737799989627214	0.13788167701860266	0.0
0.0	0.5469931360563676	0.5740788949658018	0.5469931360563676	0.0	0.10064332845615083	0.5740788949658018	0.10064332845615083	0.0
0.0	0.5761964947248961	0.6686326423246939	0.5761964947248961	0.0	0.12855698498535983	0.6686326423246939	0.12855698498535983	0.0
0.0	0.5183684610324832	0.6856432746261248	0.5183684610324832	0.0	0.10719225135773508	0.6856432746261248	0.10719225135773508	0.0
0.0	0.5195960026904217	0.6614111733838414	0.5195960026904217	0.0	0.11351269787557844	0.6614111733838414	0.11351269787557844	0.0
0.0	0.483871851322293	0.5683562080427608	0.483871851322293	0.0	0.10180597756845881	0.5683562080427608	0.10180597756845881	0.0
0.0	0.4535227328299256	0.5808181574189996	0.4535227328299256	0.0	0.09012899921101067	0.5808181574189996	0.09012899921101067	0.0
0.0	0.496166334063643	0.5300062410534776	0.496166334063643	0.0	0.09952331377464849	0.5300062410534776	0.09952331377464849	0.0
0.0	0.46135384819383	0.5852739817680018	0.46135384819383	0.0	0.0887013056930264	0.5852739817680018	0.0887013056930264	0.0
0.0	0.581541496917678	0.6095812170546211	0.581541496917678	0.0	0.11735174898660487	0.6095812170546211	0.11735174898660487	0.0
0.0	0.5541677412605351	0.642579925573098	0.5541677412605351	0.0	0.09447325684946786	0.642579925573098	0.09447325684946786	0.0
0.0	0.5700310432998431	0.6788283239868675	0.5700310432998431	0.0	0.1153514946289474	0.6788283239868675	0.1153514946289474	0.0
0.0	0.5184132797287851	0.6445403262884826	0.5184132797287851	0.0	0.09075182621628373	0.6445403262884826	0.09075182621628373	0.0
0.0	0.48970175358672424	0.5613629469312345	0.48970175358672424	0.0	0.0765979194439247	0.5613629469312345	0.0765979194439247	0.0
0.0	0.5514557138040974	0.5920084747588886	0.5514557138040974	0.0	0.06264827370773	0.5920084747588886	0.06264827370773	0.0
0.0	0.5036822996143185	0.5881962388645687	0.5036822996143185	0.0	0.09726900869768101	0.5881962388645687	0.09726900869768101	0.0
0.0	0.4178499850884789	0.5357776337013563	0.4178499850884789	0.0	0.09394993107475841	0.5357776337013563	0.09394993107475841	0.0
0.0	0.49029137398907763	0.6122180873110044	0.49029137398907763	0.0	0.09726946412118595	0.6122180873110044	0.09726946412118595	0.0
0.0	0.48078660361524983	0.5493164277430348	0.48078660361524983	0.0	0.09499977234732845	0.5493164277430348	0.09499977234732845	0.0
0.0	0.5409787340955123	0.6551728856215305	0.5409787340955123	0.0	0.09765303548907513	0.6551728856215305	0.09765303548907513	0.0
0.0	0.5591094231060101	0.5765144317606673	0.5591094231060101	0.0	0.11730315269667589	0.5765144317606673	0.11730315269667589	0.0
0.0	0.46465541353040113	0.5781459300411079	0.46465541353040113	0.0	0.09532385951106315	0.5781459300411079	0.09532385951106315	0.0
0.0	0.4829013341009597	0.619508861451182	0.4829013341009597	0.0	0.11012569287216387	0.619508861451182	0.11012569287216387	0.0
0.0	0.6016542787590964	0.7178043815336017	0.6016542787590964	0.0	0.08582894806779513	0.7178043815336017	0.08582894806779513	0.0
0.0	0.5891132912959164	0.6314851344369832	0.5891132912959164	0.0	0.053629827321772496	0.6314851344369832	0.053629827321772496	0.0
0.0	0.5113518492977567	0.5375767691111031	0.5113518492977567	0.0	0.07816857800146608	0.5375767691111031	0.07816857800146608	0.0
0.0	0.5798422417214214	0.7069874533343125	0.5798422417214214	0.0	0.126518691588753	0.7069874533343125	0.126518691588753	0.0
0.0	0.6068258217886875	0.6758009237083105	0.6068258217886875	0.0	0.09803364597987548	0.6758009237083105	0.09803364597987548	0.0
0.0	0.5523874111295504	0.6412095550513875	0.5523874111295504	0.0	0.11664503799978973	0.6412095550513875	0.11664503799978973	0.0
0.0	0.44293518525541675	0.5539339780658964	0.44293518525541675	0.0	0.11330387977968585	0.5539339780658964	0.11330387977968585	0.0
0.0	0.5498377668696252	0.6714180537550167	0.5498377668696252	0.0	0.07626921059275692	0.6714180537550167	0.07626921059275692	0.0
