population in sample
0	0	1

generation in sample
0.0	5420.0	5420.0

expected_linearlized_fst_array
0.0	0.45166666666666666	0.5348333333333334	0.45166666666666666	0.0	0.08316666666666667	0.5348333333333334	0.08316666666666667	0.0	

mean_linearlized_fst_array
0.0	0.4670610024382605	0.5539956781039386	0.4670610024382605	0.0	0.08626134203768199	0.5539956781039386	0.08626134203768199	0.0

median_linearlized_fst_array
0.0	0.4610796132141364	0.5552435058319932	0.4610796132141364	0.0	0.08649770350281803	0.5552435058319932	0.08649770350281803	0.0

std_linearlized_fst_array
0.0	0.02342365062731775	0.028071121298795493	0.02342365062731775	0.0	0.009414915009984898	0.028071121298795493	0.009414915009984898	0.0

linearlized_fst_array
0.0	0.44309087190545837	0.5289764457858658	0.44309087190545837	0.0	0.08212094339045752	0.5289764457858658	0.08212094339045752	0.0
0.0	0.43973598409998704	0.5037007069489293	0.43973598409998704	0.0	0.08154395476104652	0.5037007069489293	0.08154395476104652	0.0
0.0	0.47325658281013416	0.5478558814424747	0.47325658281013416	0.0	0.07876873129050145	0.5478558814424747	0.07876873129050145	0.0
0.0	0.49988273953870843	0.5892121197090756	0.49988273953870843	0.0	0.07607141136733438	0.5892121197090756	0.07607141136733438	0.0
0.0	0.4817818209972718	0.5565966750210329	0.4817818209972718	0.0	0.08338903075534251	0.5565966750210329	0.08338903075534251	0.0
0.0	0.4430027728731107	0.523031685569494	0.4430027728731107	0.0	0.06904960512499057	0.523031685569494	0.06904960512499057	0.0
0.0	0.4570659110232683	0.5314434499241993	0.4570659110232683	0.0	0.07161846424229859	0.5314434499241993	0.07161846424229859	0.0
0.0	0.458538431917945	0.5043888567597625	0.458538431917945	0.0	0.06793527783927543	0.5043888567597625	0.06793527783927543	0.0
0.0	0.4936046937721795	0.5707545820643283	0.4936046937721795	0.0	0.08023730734478539	0.5707545820643283	0.08023730734478539	0.0
0.0	0.4545837152559597	0.5605079132219801	0.4545837152559597	0.0	0.08988450307641103	0.5605079132219801	0.08988450307641103	0.0
0.0	0.4610796132141364	0.5519901751383	0.4610796132141364	0.0	0.08649770350281803	0.5519901751383	0.08649770350281803	0.0
0.0	0.4382813262006325	0.5216640515357658	0.4382813262006325	0.0	0.10449720621967386	0.5216640515357658	0.10449720621967386	0.0
0.0	0.4539953074583304	0.5552435058319932	0.4539953074583304	0.0	0.0928991685849955	0.5552435058319932	0.0928991685849955	0.0
0.0	0.48495249613282626	0.549824020945112	0.48495249613282626	0.0	0.09224501390028426	0.549824020945112	0.09224501390028426	0.0
0.0	0.44076583039718337	0.5435102810034929	0.44076583039718337	0.0	0.08606925420670257	0.5435102810034929	0.08606925420670257	0.0
0.0	0.4641789688798119	0.5355090593585033	0.4641789688798119	0.0	0.09146853721688418	0.5355090593585033	0.09146853721688418	0.0
0.0	0.43834845777622616	0.537413378922828	0.43834845777622616	0.0	0.0898089976495013	0.537413378922828	0.0898089976495013	0.0
0.0	0.46994287150715836	0.5763266906210063	0.46994287150715836	0.0	0.09270900949135823	0.5763266906210063	0.09270900949135823	0.0
0.0	0.49705717738961963	0.5798301519136251	0.49705717738961963	0.0	0.08717578800586538	0.5798301519136251	0.08717578800586538	0.0
0.0	0.4489059876338591	0.5586702512820346	0.4489059876338591	0.0	0.09762861077408291	0.5586702512820346	0.09762861077408291	0.0
0.0	0.4748455740482699	0.5558588046439613	0.4748455740482699	0.0	0.07999481984571429	0.5558588046439613	0.07999481984571429	0.0
0.0	0.4419704527621475	0.5411007158736534	0.4419704527621475	0.0	0.09954206622964942	0.5411007158736534	0.09954206622964942	0.0
0.0	0.49113779878035874	0.5877568065314261	0.49113779878035874	0.0	0.09165769296731426	0.5877568065314261	0.09165769296731426	0.0
0.0	0.4398835769702179	0.5207666263464625	0.4398835769702179	0.0	0.09109249430569709	0.5207666263464625	0.09109249430569709	0.0
0.0	0.4517468620592929	0.559865717690867	0.4517468620592929	0.0	0.10355912678658263	0.559865717690867	0.10355912678658263	0.0
0.0	0.49007059279792603	0.5555797034942398	0.49007059279792603	0.0	0.08144448387452606	0.5555797034942398	0.08144448387452606	0.0
0.0	0.4528401072659224	0.5356153283099905	0.4528401072659224	0.0	0.07267754051797014	0.5356153283099905	0.07267754051797014	0.0
0.0	0.4587279129497289	0.5398332783245978	0.4587279129497289	0.0	0.08645182616292471	0.5398332783245978	0.08645182616292471	0.0
0.0	0.49864511802174155	0.5580508282106462	0.49864511802174155	0.0	0.078648637495331	0.5580508282106462	0.078648637495331	0.0
0.0	0.44977140632075013	0.5305465954088203	0.44977140632075013	0.0	0.07533982660812465	0.5305465954088203	0.07533982660812465	0.0
0.0	0.4535957734067464	0.5228658436957748	0.4535957734067464	0.0	0.09003232156180253	0.5228658436957748	0.09003232156180253	0.0
0.0	0.45641788712799575	0.5549388827379355	0.45641788712799575	0.0	0.08574189783206732	0.5549388827379355	0.08574189783206732	0.0
0.0	0.4674162451332311	0.5646081117169393	0.4674162451332311	0.0	0.08870026077130576	0.5646081117169393	0.08870026077130576	0.0
0.0	0.4574787577099768	0.5475012144742665	0.4574787577099768	0.0	0.10573057796683363	0.5475012144742665	0.10573057796683363	0.0
0.0	0.4864137714024786	0.5484429719492789	0.4864137714024786	0.0	0.09129021003415419	0.5484429719492789	0.09129021003415419	0.0
0.0	0.47710682926878994	0.5183422381158546	0.47710682926878994	0.0	0.08698692586531089	0.5183422381158546	0.08698692586531089	0.0
0.0	0.4787206910125921	0.580191444756228	0.4787206910125921	0.0	0.09790502600033889	0.580191444756228	0.09790502600033889	0.0
0.0	0.46237524321917106	0.5590706480548497	0.46237524321917106	0.0	0.09126879604031399	0.5590706480548497	0.09126879604031399	0.0
0.0	0.5067905120710992	0.5957142916904208	0.5067905120710992	0.0	0.08830550214021336	0.5957142916904208	0.08830550214021336	0.0
0.0	0.46122818914182867	0.5667661725723516	0.46122818914182867	0.0	0.07079993755950759	0.5667661725723516	0.07079993755950759	0.0
0.0	0.4995789328487243	0.6157798170078722	0.4995789328487243	0.0	0.09659500655590955	0.6157798170078722	0.09659500655590955	0.0
0.0	0.5090697965503412	0.6164929995358495	0.5090697965503412	0.0	0.08476956505807151	0.6164929995358495	0.08476956505807151	0.0
0.0	0.5008148406547696	0.5755167417360589	0.5008148406547696	0.0	0.08439211406579776	0.5755167417360589	0.08439211406579776	0.0
0.0	0.41775276557248414	0.49365174681994844	0.41775276557248414	0.0	0.06844913627635721	0.49365174681994844	0.06844913627635721	0.0
0.0	0.5373473494592693	0.6252732383635894	0.5373473494592693	0.0	0.07805875145033415	0.6252732383635894	0.07805875145033415	0.0
0.0	0.45784828229784547	0.5766423668043137	0.45784828229784547	0.0	0.08326163174740552	0.5766423668043137	0.08326163174740552	0.0
0.0	0.4487107128644241	0.5269642939819835	0.4487107128644241	0.0	0.09934554191192353	0.5269642939819835	0.09934554191192353	0.0
0.0	0.4470137529975695	0.5580829558372981	0.4470137529975695	0.0	0.08620705305674796	0.5580829558372981	0.08620705305674796	0.0
0.0	0.48454299500805315	0.5944129810479938	0.48454299500805315	0.0	0.09538689813368467	0.5944129810479938	0.09538689813368467	0.0
0.0	0.4547168371272984	0.5572284206673	0.4547168371272984	0.0	0.07165492330986455	0.5572284206673	0.07165492330986455	0.0
0.0	0.46347999671643025	0.5438679139002843	0.46347999671643025	0.0	0.09241933304539297	0.5438679139002843	0.09241933304539297	0.0
