population in sample
0	0	1

generation in sample
0.0	1000.0	1000.0

expected_linearlized_fst_array
0.0	0.025	0.07495	0.025	0.0	0.04995	0.07495	0.04995	0.0	

mean_linearlized_fst_array
0.0	0.03562462186691904	0.6989936965732698	0.03562462186691904	0.0	0.6781583724122044	0.6989936965732698	0.6781583724122044	0.0

median_linearlized_fst_array
0.0	0.012097905919294107	0.5167334390328949	0.012097905919294107	0.0	0.4504886288181802	0.5167334390328949	0.4504886288181802	0.0

std_linearlized_fst_array
0.0	0.08661181833891872	0.6905526967259803	0.08661181833891872	0.0	1.0205353904554337	0.6905526967259803	1.0205353904554337	0.0

linearlized_fst_array
0.0	-0.022179280288672144	0.2500484713440672	-0.022179280288672144	0.0	0.09327972429636733	0.2500484713440672	0.09327972429636733	0.0
0.0	0.08509234495382392	1.1913998176854925	0.08509234495382392	0.0	0.6799474605954106	1.1913998176854925	0.6799474605954106	0.0
0.0	-0.005845251951872564	0.6389854713825224	-0.005845251951872564	0.0	0.5352762657161175	0.6389854713825224	0.5352762657161175	0.0
0.0	0.08805856360495884	0.23046713065460353	0.08805856360495884	0.0	0.32449353448266693	0.23046713065460353	0.32449353448266693	0.0
0.0	0.017597177120388604	0.15719350749215638	0.017597177120388604	0.0	0.19588507877671016	0.15719350749215638	0.19588507877671016	0.0
0.0	-0.03378270292275328	1.7269484033089912	-0.03378270292275328	0.0	1.1130086130086458	1.7269484033089912	1.1130086130086458	0.0
0.0	0.06415343085827899	0.31098544494256064	0.06415343085827899	0.0	0.29779077011551236	0.31098544494256064	0.29779077011551236	0.0
0.0	0.006983561435868438	0.4150143850274498	0.006983561435868438	0.0	0.18104031209363017	0.4150143850274498	0.18104031209363017	0.0
0.0	0.01980634344220836	2.7599689740242215	0.01980634344220836	0.0	3.317503392130286	2.7599689740242215	3.317503392130286	0.0
0.0	-0.03461233691206243	0.9465828370019915	-0.03461233691206243	0.0	0.8824316748423292	0.9465828370019915	0.8824316748423292	0.0
0.0	-0.03794359204297409	1.1729658959962483	-0.03794359204297409	0.0	1.0794967114669975	1.1729658959962483	1.0794967114669975	0.0
0.0	-0.01362074749328863	0.2799739427884485	-0.01362074749328863	0.0	0.20163924896821148	0.2799739427884485	0.20163924896821148	0.0
0.0	0.020903256345024473	0.36091051826882287	0.020903256345024473	0.0	0.21558120136023512	0.36091051826882287	0.21558120136023512	0.0
0.0	0.12240682836334912	3.0433518310746592	0.12240682836334912	0.0	0.9252185173194909	3.0433518310746592	0.9252185173194909	0.0
0.0	-0.034878340984202665	0.2238459785819947	-0.034878340984202665	0.0	0.18909205548546829	0.2238459785819947	0.18909205548546829	0.0
0.0	0.015461993028964428	0.43836017335124655	0.015461993028964428	0.0	0.266527196652719	0.43836017335124655	0.266527196652719	0.0
0.0	0.000484462896623127	0.5768450769911053	0.000484462896623127	0.0	0.49237422212847515	0.5768450769911053	0.49237422212847515	0.0
0.0	-0.03727480267109115	0.18362589999299966	-0.03727480267109115	0.0	0.10844714500700721	0.18362589999299966	0.10844714500700721	0.0
0.0	-0.007989533803792102	1.4566822190910986	-0.007989533803792102	0.0	1.095758698052136	1.4566822190910986	1.095758698052136	0.0
0.0	-0.017158760127662247	-0.003275745020254916	-0.017158760127662247	0.0	-0.012921014839609753	-0.003275745020254916	-0.012921014839609753	0.0
0.0	0.05211021163953422	4.535118427174744	0.05211021163953422	0.0	2.101517093458037	4.535118427174744	2.101517093458037	0.0
0.0	0.26250482928010366	0.012627248146310784	0.26250482928010366	0.0	0.1600109095084437	0.012627248146310784	0.1600109095084437	0.0
0.0	-0.03879914286143319	0.8223614163785161	-0.03879914286143319	0.0	0.741859960979834	0.8223614163785161	0.741859960979834	0.0
0.0	0.360259685074867	0.28828613411296494	0.360259685074867	0.0	1.5591673414947331	0.28828613411296494	1.5591673414947331	0.0
0.0	0.043925868753287745	0.34153472911895894	0.043925868753287745	0.0	0.2865328450233945	0.34153472911895894	0.2865328450233945	0.0
0.0	0.05905845134838775	0.2668905833774315	0.05905845134838775	0.0	0.3235429330336958	0.2668905833774315	0.3235429330336958	0.0
0.0	-0.029213740948637407	0.2939035659822598	-0.029213740948637407	0.0	0.17794117647057667	0.2939035659822598	0.17794117647057667	0.0
0.0	0.045858328825656665	0.819333055439662	0.045858328825656665	0.0	0.8461025339821752	0.819333055439662	0.8461025339821752	0.0
0.0	0.029079486520535335	0.609444249064628	0.029079486520535335	0.0	0.772171035741774	0.609444249064628	0.772171035741774	0.0
0.0	-0.0380074898902175	1.0046622677343289	-0.0380074898902175	0.0	0.6158261361645593	1.0046622677343289	0.6158261361645593	0.0
0.0	0.0011471274430623533	2.1114577627473254	0.0011471274430623533	0.0	2.7025298237758695	2.1114577627473254	2.7025298237758695	0.0
0.0	0.02459077681755191	0.5926868099689863	0.02459077681755191	0.0	0.7057278325794445	0.5926868099689863	0.7057278325794445	0.0
0.0	-0.00612611802288574	0.5225384842621387	-0.00612611802288574	0.0	0.5368803858012715	0.5225384842621387	0.5368803858012715	0.0
0.0	0.0368277711700497	0.6966395688972282	0.0368277711700497	0.0	0.3105642766228391	0.6966395688972282	0.3105642766228391	0.0
0.0	0.023017504564673757	1.519204026021378	0.023017504564673757	0.0	1.6695244809313912	1.519204026021378	1.6695244809313912	0.0
0.0	0.01613052959855412	1.1150339070565576	0.01613052959855412	0.0	1.1039815543808644	1.1150339070565576	1.1039815543808644	0.0
0.0	0.07504073100893095	0.2393353898236122	0.07504073100893095	0.0	0.4240180909307143	0.2393353898236122	0.4240180909307143	0.0
0.0	0.056642645690091836	0.2891013139654374	0.056642645690091836	0.0	0.4327145069695224	0.2891013139654374	0.4327145069695224	0.0
0.0	-0.008573875861818759	0.3961870616237277	-0.008573875861818759	0.0	0.30644308563188066	0.3961870616237277	0.30644308563188066	0.0
0.0	0.007385865705343665	4.099912162059282	0.007385865705343665	0.0	1.6838603263726515	4.099912162059282	1.6838603263726515	0.0
0.0	0.04989765466821349	0.5632503662581589	0.04989765466821349	0.0	1.1951049492679917	0.5632503662581589	1.1951049492679917	0.0
0.0	-0.024395680886353258	0.6005141586458979	-0.024395680886353258	0.0	0.7796364339585904	0.6005141586458979	0.7796364339585904	0.0
0.0	-0.010970940351333367	0.34583031736108455	-0.010970940351333367	0.0	0.16986234529086872	0.34583031736108455	0.16986234529086872	0.0
0.0	0.05053292700629449	0.7124704557690537	0.05053292700629449	0.0	1.2853146189957552	0.7124704557690537	1.2853146189957552	0.0
0.0	0.2585887901796257	1.2292732855680308	0.2585887901796257	0.0	0.3710713410148967	1.2292732855680308	0.3710713410148967	0.0
0.0	-0.010951036647977742	0.5179798545887035	-0.010951036647977742	0.0	0.5318293261625866	0.5179798545887035	0.5318293261625866	0.0
0.0	-0.00917824803207689	0.6707310998526423	-0.00917824803207689	0.0	0.48142798184068586	0.6707310998526423	0.48142798184068586	0.0
0.0	0.1896596801832304	0.40866715623860794	0.1896596801832304	0.0	0.06770830665198481	0.40866715623860794	0.06770830665198481	0.0
0.0	0.11057596761988295	0.1789254245739732	0.11057596761988295	0.0	0.2698803914461561	0.1789254245739732	0.2698803914461561	0.0
0.0	-0.025807880099559564	0.8981904934417277	-0.025807880099559564	0.0	0.4368110437679721	0.8981904934417277	0.4368110437679721	0.0
0.0	0.04142680688797315	0.9530113154971428	0.04142680688797315	0.0	0.4203361910823684	0.9530113154971428	0.4203361910823684	0.0
0.0	-0.02323334940003683	0.15156871604191688	-0.02323334940003683	0.0	0.02814310544613852	0.15156871604191688	0.02814310544613852	0.0
0.0	0.11504832063638352	0.07384677753250704	0.11504832063638352	0.0	0.3969333244521424	0.07384677753250704	0.3969333244521424	0.0
0.0	0.07543599570389632	0.5193107979223307	0.07543599570389632	0.0	0.9090011518842281	0.5193107979223307	0.9090011518842281	0.0
0.0	-0.03162239176002028	0.23221643128008318	-0.03162239176002028	0.0	0.13135039477268642	0.23221643128008318	0.13135039477268642	0.0
0.0	0.1125090507689873	0.5846260769916071	0.1125090507689873	0.0	0.8399824638316258	0.5846260769916071	0.8399824638316258	0.0
0.0	-0.01765350192595925	0.6137564387867623	-0.01765350192595925	0.0	0.5337257210123847	0.6137564387867623	0.5337257210123847	0.0
0.0	-0.030045808740455333	1.2723453462230832	-0.030045808740455333	0.0	1.0027472527472572	1.2723453462230832	1.0027472527472572	0.0
0.0	-0.023418944010759623	0.47806486191306513	-0.023418944010759623	0.0	0.35912063607067335	0.47806486191306513	0.35912063607067335	0.0
0.0	0.007209226207805882	0.6184386262138641	0.007209226207805882	0.0	1.048085758039717	0.6184386262138641	1.048085758039717	0.0
0.0	0.12113966256589746	1.3752836635304235	0.12113966256589746	0.0	0.5020505409522714	1.3752836635304235	0.5020505409522714	0.0
0.0	-0.019882456991213698	0.2507246509194284	-0.019882456991213698	0.0	0.1710460700448975	0.2507246509194284	0.1710460700448975	0.0
0.0	0.02001806785946458	0.17710435045251283	0.02001806785946458	0.0	0.2637950578099985	0.17710435045251283	0.2637950578099985	0.0
0.0	-0.03025446438886815	0.7783755433910086	-0.03025446438886815	0.0	0.6942864276248665	0.7783755433910086	0.6942864276248665	0.0
0.0	-0.03680290311693041	0.5878580890417121	-0.03680290311693041	0.0	0.5963597727168124	0.5878580890417121	0.5963597727168124	0.0
0.0	-0.008675714839657896	0.3608130224323879	-0.008675714839657896	0.0	0.26737634363888163	0.3608130224323879	0.26737634363888163	0.0
0.0	0.005854138195947038	0.6241674489605341	0.005854138195947038	0.0	0.4557327640336753	0.6241674489605341	0.4557327640336753	0.0
0.0	0.051390306643253225	0.12822206776049894	0.051390306643253225	0.0	0.1577543740445217	0.12822206776049894	0.1577543740445217	0.0
0.0	-0.030975991333411442	0.09007433782544459	-0.030975991333411442	0.0	0.06434659648847209	0.09007433782544459	0.06434659648847209	0.0
0.0	0.04169749158017174	3.329756244044365	0.04169749158017174	0.0	1.4334058835919523	3.329756244044365	1.4334058835919523	0.0
0.0	-0.024952007825126753	1.6605188268602633	-0.024952007825126753	0.0	1.8586459680894625	1.6605188268602633	1.8586459680894625	0.0
0.0	0.14464592973556395	3.530842629502297	0.14464592973556395	0.0	1.2903289344101305	3.530842629502297	1.2903289344101305	0.0
0.0	0.06594772309172608	0.5717931994074468	0.06594772309172608	0.0	0.45446333896244656	0.5717931994074468	0.45446333896244656	0.0
0.0	-0.014310442223732246	0.3168753203308625	-0.014310442223732246	0.0	0.25336957193155113	0.3168753203308625	0.25336957193155113	0.0
0.0	0.10086671842609798	0.1531003922511017	0.10086671842609798	0.0	0.6039299809189022	0.1531003922511017	0.6039299809189022	0.0
0.0	0.03724439655357751	0.11723209913163914	0.03724439655357751	0.0	0.09877328259565604	0.11723209913163914	0.09877328259565604	0.0
0.0	-0.02744499258496665	0.43735386977132434	-0.02744499258496665	0.0	0.3705069124423964	0.43735386977132434	0.3705069124423964	0.0
0.0	-0.023865353551163367	0.4808997544923944	-0.023865353551163367	0.0	0.4222579975072475	0.4808997544923944	0.4222579975072475	0.0
0.0	0.011717981193627923	0.7212552844542899	0.011717981193627923	0.0	0.4741083701078087	0.7212552844542899	0.4741083701078087	0.0
0.0	-0.02334612683324022	1.3223232784648598	-0.02334612683324022	0.0	1.4400808924261534	1.3223232784648598	1.4400808924261534	0.0
0.0	0.051464470507004784	0.5413013830776265	0.051464470507004784	0.0	0.4819540080548949	0.5413013830776265	0.4819540080548949	0.0
0.0	-0.02515949214147066	0.6910831807266239	-0.02515949214147066	0.0	0.5295270959139285	0.6910831807266239	0.5295270959139285	0.0
0.0	-0.005504382299897657	0.2209829619316737	-0.005504382299897657	0.0	0.08340822260136722	0.2209829619316737	0.08340822260136722	0.0
0.0	0.00801837988628663	0.4491953574622192	0.00801837988628663	0.0	0.5722982407148501	0.4491953574622192	0.5722982407148501	0.0
0.0	-0.014627179640184805	0.20024164026355432	-0.014627179640184805	0.0	0.016739138900106754	0.20024164026355432	0.016739138900106754	0.0
0.0	-0.024080630891083473	0.7843856149534275	-0.024080630891083473	0.0	0.4868890166762368	0.7843856149534275	0.4868890166762368	0.0
0.0	0.07815348480129852	0.4403849959636401	0.07815348480129852	0.0	0.177497013358359	0.4403849959636401	0.177497013358359	0.0
0.0	-0.007609696106981799	0.26051753419183143	-0.007609696106981799	0.0	0.1783033444649444	0.26051753419183143	0.1783033444649444	0.0
0.0	0.14306542269489667	0.7360630144492692	0.14306542269489667	0.0	0.16040258438708088	0.7360630144492692	0.16040258438708088	0.0
0.0	0.1952539458422773	0.12899649281592185	0.1952539458422773	0.0	0.20122303863474322	0.12899649281592185	0.20122303863474322	0.0
0.0	-0.021936457078211936	3.736763704907646	-0.021936457078211936	0.0	3.6365328920149453	3.736763704907646	3.6365328920149453	0.0
0.0	0.03722650012418869	0.4846413517169006	0.03722650012418869	0.0	0.20623140403076293	0.4846413517169006	0.20623140403076293	0.0
0.0	0.023363956746907624	0.10678578071537896	0.023363956746907624	0.0	0.14639253106331895	0.10678578071537896	0.14639253106331895	0.0
0.0	-0.0060210735110556085	0.2883884936149915	-0.0060210735110556085	0.0	0.17209375823015804	0.2883884936149915	0.17209375823015804	0.0
0.0	0.016874667648469083	0.5014848542493334	0.016874667648469083	0.0	0.49736129905276477	0.5014848542493334	0.49736129905276477	0.0
0.0	0.04483235978414292	0.24046445548683232	0.04483235978414292	0.0	0.49567133272588	0.24046445548683232	0.49567133272588	0.0
0.0	-0.017799733972080005	3.8564113882145072	-0.017799733972080005	0.0	2.6840381324860076	3.8564113882145072	2.6840381324860076	0.0
0.0	-0.01898026611288147	0.002989750326486544	-0.01898026611288147	0.0	-0.02952541169976301	0.002989750326486544	-0.02952541169976301	0.0
0.0	-0.017704052121258564	1.1460766555692834	-0.017704052121258564	0.0	0.7391639079220756	1.1460766555692834	0.7391639079220756	0.0
0.0	0.005382178416163978	0.5519849433785284	0.005382178416163978	0.0	0.22831179181528521	0.5519849433785284	0.22831179181528521	0.0
0.0	0.01635269256137324	0.8452422317551355	0.01635269256137324	0.0	0.5801409133696632	0.8452422317551355	0.5801409133696632	0.0
0.0	-0.010456164604267175	0.2636920178452973	-0.010456164604267175	0.0	0.13957563446808613	0.2636920178452973	0.13957563446808613	0.0
0.0	-0.029080377840252865	1.4529957850390636	-0.029080377840252865	0.0	1.8257730590575565	1.4529957850390636	1.8257730590575565	0.0
0.0	-0.024438193838462127	1.0599792575890046	-0.024438193838462127	0.0	1.2403353193846494	1.0599792575890046	1.2403353193846494	0.0
0.0	0.00946899715691618	0.455154506233298	0.00946899715691618	0.0	0.6571906683729228	0.455154506233298	0.6571906683729228	0.0
0.0	-0.04180068519955217	0.5416530839554493	-0.04180068519955217	0.0	0.4338374605284957	0.5416530839554493	0.4338374605284957	0.0
0.0	0.11312494959024041	0.6297082429151509	0.11312494959024041	0.0	1.0313946922642099	0.6297082429151509	1.0313946922642099	0.0
0.0	0.36402767309907336	0.5124001644106613	0.36402767309907336	0.0	0.2688084712655643	0.5124001644106613	0.2688084712655643	0.0
0.0	0.00675674898379445	0.36632793493044696	0.00675674898379445	0.0	0.24074508271460082	0.36632793493044696	0.24074508271460082	0.0
0.0	0.09638336954755002	0.5164990610388135	0.09638336954755002	0.0	1.4790676386937005	0.5164990610388135	1.4790676386937005	0.0
0.0	-0.007942865502744962	0.3416239823566884	-0.007942865502744962	0.0	0.2356125945179297	0.3416239823566884	0.2356125945179297	0.0
0.0	-0.03488069353821995	0.6635302871020549	-0.03488069353821995	0.0	0.5839839393263103	0.6635302871020549	0.5839839393263103	0.0
0.0	-0.0059917690548475545	0.3745161941568276	-0.0059917690548475545	0.0	0.6100773199366141	0.3745161941568276	0.6100773199366141	0.0
0.0	0.10032606453915621	0.23864265200083415	0.10032606453915621	0.0	0.12338284619071645	0.23864265200083415	0.12338284619071645	0.0
0.0	0.05172011643674398	0.17996436125240858	0.05172011643674398	0.0	0.2757258542366445	0.17996436125240858	0.2757258542366445	0.0
0.0	0.06727605170147324	0.5396642143029046	0.06727605170147324	0.0	0.30603248876719696	0.5396642143029046	0.30603248876719696	0.0
0.0	0.14321642077168917	0.851117397200275	0.14321642077168917	0.0	2.2837837837837043	0.851117397200275	2.2837837837837043	0.0
0.0	-0.02187145055540639	0.713910539750152	-0.02187145055540639	0.0	0.44892189100313107	0.713910539750152	0.44892189100313107	0.0
0.0	0.21001125063448514	1.790264362661169	0.21001125063448514	0.0	0.6162100973511148	1.790264362661169	0.6162100973511148	0.0
0.0	0.06425326861482211	0.35929456591621106	0.06425326861482211	0.0	0.173988606739383	0.35929456591621106	0.173988606739383	0.0
0.0	-0.02892951179056979	1.6093484672445955	-0.02892951179056979	0.0	1.3672217353199343	1.6093484672445955	1.3672217353199343	0.0
0.0	-0.025914715226234165	1.1836953307373346	-0.025914715226234165	0.0	1.0103002538589745	1.1836953307373346	1.0103002538589745	0.0
0.0	0.0673388504925669	0.20978281162485934	0.0673388504925669	0.0	0.3675154182767611	0.20978281162485934	0.3675154182767611	0.0
0.0	0.014712113356952439	0.6398219006538672	0.014712113356952439	0.0	0.7000768204422431	0.6398219006538672	0.7000768204422431	0.0
0.0	-0.00904122723707339	0.6314285428486877	-0.00904122723707339	0.0	0.5010914382730512	0.6314285428486877	0.5010914382730512	0.0
0.0	0.15601000511892243	1.7342748003241357	0.15601000511892243	0.0	1.596641647135577	1.7342748003241357	1.596641647135577	0.0
0.0	0.03977346060438944	0.17204655565697122	0.03977346060438944	0.0	0.15911202153251175	0.17204655565697122	0.15911202153251175	0.0
0.0	-0.041965357633365154	1.561498522447896	-0.041965357633365154	0.0	1.3394948224136045	1.561498522447896	1.3394948224136045	0.0
0.0	-9.6868393261527e-05	1.4788509430580394	-9.6868393261527e-05	0.0	2.4359790432352666	1.4788509430580394	2.4359790432352666	0.0
0.0	0.019527802704451206	0.3294421830985685	0.019527802704451206	0.0	0.3615697583119526	0.3294421830985685	0.3615697583119526	0.0
0.0	0.33603087966257206	0.12978102657816354	0.33603087966257206	0.0	0.10620506892958796	0.12978102657816354	0.10620506892958796	0.0
0.0	0.0015952868831571373	0.43169298396993294	0.0015952868831571373	0.0	0.10852361482764358	0.43169298396993294	0.10852361482764358	0.0
0.0	-0.03668298406975753	0.40207395225256176	-0.03668298406975753	0.0	0.24515819750718257	0.40207395225256176	0.24515819750718257	0.0
0.0	0.14178904037201684	2.5081687043798473	0.14178904037201684	0.0	1.1424833343716776	2.5081687043798473	1.1424833343716776	0.0
0.0	0.015845216083110264	0.5283346643182925	0.015845216083110264	0.0	0.24523091572760666	0.5283346643182925	0.24523091572760666	0.0
0.0	0.01378949659427454	0.6347250321868456	0.01378949659427454	0.0	0.6371915622324246	0.6347250321868456	0.6371915622324246	0.0
0.0	0.01052506170590366	3.1594208280570704	0.01052506170590366	0.0	1.5608024637653692	3.1594208280570704	1.5608024637653692	0.0
0.0	-0.00777697445807619	0.4593220911003276	-0.00777697445807619	0.0	0.1897916516472966	0.4593220911003276	0.1897916516472966	0.0
0.0	-0.010898857737986548	0.7190067772776687	-0.010898857737986548	0.0	1.1736970627223615	0.7190067772776687	1.1736970627223615	0.0
0.0	0.037764582128019135	0.42031639890272876	0.037764582128019135	0.0	0.09890923256719429	0.42031639890272876	0.09890923256719429	0.0
0.0	-0.007998365534498961	0.1492591565044535	-0.007998365534498961	0.0	0.056073271076744535	0.1492591565044535	0.056073271076744535	0.0
0.0	0.15824561969082848	0.7130672602546573	0.15824561969082848	0.0	0.09531746902074836	0.7130672602546573	0.09531746902074836	0.0
0.0	-0.032040219613781874	0.09724978257806825	-0.032040219613781874	0.0	0.08950016772894082	0.09724978257806825	0.08950016772894082	0.0
0.0	0.5299427673179863	0.055954613428213305	0.5299427673179863	0.0	0.37806981687374863	0.055954613428213305	0.37806981687374863	0.0
0.0	-0.020627173557980823	0.2821509495421275	-0.020627173557980823	0.0	0.153974054765578	0.2821509495421275	0.153974054765578	0.0
0.0	-0.026394178152384873	0.29640344854224193	-0.026394178152384873	0.0	0.13604073123796598	0.29640344854224193	0.13604073123796598	0.0
0.0	-0.03253634856456422	0.9959377723251256	-0.03253634856456422	0.0	0.8435483870967369	0.9959377723251256	0.8435483870967369	0.0
0.0	0.016643631483522867	0.19364034218212411	0.016643631483522867	0.0	0.17595213587240852	0.19364034218212411	0.17595213587240852	0.0
0.0	-0.012487936148813024	0.3123484580231991	-0.012487936148813024	0.0	0.34588334522803504	0.3123484580231991	0.34588334522803504	0.0
0.0	-0.019717864511066562	0.1797994402336677	-0.019717864511066562	0.0	0.11207643595161672	0.1797994402336677	0.11207643595161672	0.0
0.0	0.14076728502961997	1.1034274380466669	0.14076728502961997	0.0	0.6594063825039103	1.1034274380466669	0.6594063825039103	0.0
0.0	0.12261998276954374	0.025101013136848385	0.12261998276954374	0.0	0.2567626165587758	0.025101013136848385	0.2567626165587758	0.0
0.0	-0.010380687377166737	0.6948266327580838	-0.010380687377166737	0.0	0.6547116736990279	0.6948266327580838	0.6547116736990279	0.0
0.0	0.09907390785998922	0.3507904026347715	0.09907390785998922	0.0	0.07318336300373512	0.3507904026347715	0.07318336300373512	0.0
0.0	-0.03341556200043874	0.12267370393106788	-0.03341556200043874	0.0	0.06006132928067333	0.12267370393106788	0.06006132928067333	0.0
0.0	-0.0023727053288829904	1.463081662038191	-0.0023727053288829904	0.0	0.7194934087033995	1.463081662038191	0.7194934087033995	0.0
0.0	-0.013385080984484621	0.20514218589308136	-0.013385080984484621	0.0	0.2644542897090946	0.20514218589308136	0.2644542897090946	0.0
0.0	0.1203138828249142	0.21730769230769847	0.1203138828249142	0.0	-0.03439476845054082	0.21730769230769847	-0.03439476845054082	0.0
0.0	-0.020984857055887512	0.2580537110921161	-0.020984857055887512	0.0	0.28211733530265964	0.2580537110921161	0.28211733530265964	0.0
0.0	-0.016263722473177575	0.05590524402535316	-0.016263722473177575	0.0	0.02374856852019938	0.05590524402535316	0.02374856852019938	0.0
0.0	-0.02927219367773916	0.6781638930965466	-0.02927219367773916	0.0	0.8237448647494497	0.6781638930965466	0.8237448647494497	0.0
0.0	-0.011097444063518213	0.37145531041956403	-0.011097444063518213	0.0	0.1801169590643113	0.37145531041956403	0.1801169590643113	0.0
0.0	0.06506222743469112	0.43845533294912575	0.06506222743469112	0.0	0.07882736156354234	0.43845533294912575	0.07882736156354234	0.0
0.0	0.061059996983787904	1.274265490907068	0.061059996983787904	0.0	0.4346256519774736	1.274265490907068	0.4346256519774736	0.0
0.0	0.05149900356933695	0.3628746080171373	0.05149900356933695	0.0	0.35626724241331686	0.3628746080171373	0.35626724241331686	0.0
0.0	0.08067621534080874	0.27907266695784577	0.08067621534080874	0.0	0.05120847288856621	0.27907266695784577	0.05120847288856621	0.0
0.0	-0.005399899089648783	0.42565297378319195	-0.005399899089648783	0.0	0.23207949587971535	0.42565297378319195	0.23207949587971535	0.0
0.0	0.028695756857955043	0.3082645026957577	0.028695756857955043	0.0	0.2684603886397709	0.3082645026957577	0.2684603886397709	0.0
0.0	-0.02006991060105877	0.7469624573378973	-0.02006991060105877	0.0	0.7829357798164829	0.7469624573378973	0.7829357798164829	0.0
0.0	0.08467618909159905	0.6511873798784186	0.08467618909159905	0.0	0.8046195045748913	0.6511873798784186	0.8046195045748913	0.0
0.0	-0.04089178372679936	0.4165265791736053	-0.04089178372679936	0.0	0.3803779963122353	0.4165265791736053	0.3803779963122353	0.0
0.0	-0.0018694823526955971	1.3266919877011707	-0.0018694823526955971	0.0	1.2167790390032354	1.3266919877011707	1.2167790390032354	0.0
0.0	-0.01956261823114313	0.3795409755799008	-0.01956261823114313	0.0	0.2160881482888307	0.3795409755799008	0.2160881482888307	0.0
0.0	-0.00034106122836328903	2.9195180949815964	-0.00034106122836328903	0.0	1.9948418156809535	2.9195180949815964	1.9948418156809535	0.0
0.0	0.1938764491669556	1.5882773131071737	0.1938764491669556	0.0	3.057196040274264	1.5882773131071737	3.057196040274264	0.0
0.0	0.009604950147251231	0.8736407301264553	0.009604950147251231	0.0	0.8444340940847901	0.8736407301264553	0.8444340940847901	0.0
0.0	0.05952829948807389	0.45527379896184844	0.05952829948807389	0.0	0.8131791053957567	0.45527379896184844	0.8131791053957567	0.0
0.0	-0.0203058804968697	2.162491530941721	-0.0203058804968697	0.0	1.8951951644299108	2.162491530941721	1.8951951644299108	0.0
0.0	0.0656546407322259	0.3381682755132265	0.0656546407322259	0.0	0.5279340344502552	0.3381682755132265	0.5279340344502552	0.0
0.0	0.0359767237256659	0.16405368162038395	0.0359767237256659	0.0	0.16955270729794786	0.16405368162038395	0.16955270729794786	0.0
0.0	-0.024935191057320828	0.9499454440534679	-0.024935191057320828	0.0	0.862630034675959	0.9499454440534679	0.862630034675959	0.0
0.0	-0.012340638037312073	0.015334784921972763	-0.012340638037312073	0.0	0.06935285465458416	0.015334784921972763	0.06935285465458416	0.0
0.0	0.0498766667975851	0.4337442394512461	0.0498766667975851	0.0	0.9259305244406109	0.4337442394512461	0.9259305244406109	0.0
0.0	-0.03539739958318781	0.07539683457932189	-0.03539739958318781	0.0	0.12419467198341227	0.07539683457932189	0.12419467198341227	0.0
0.0	0.07772748134371137	0.618714247015034	0.07772748134371137	0.0	0.7139641966712841	0.618714247015034	0.7139641966712841	0.0
0.0	-0.030985561089870845	0.5694709484943955	-0.030985561089870845	0.0	0.484740273221631	0.5694709484943955	0.484740273221631	0.0
0.0	0.024095847752225626	0.6736326141583389	0.024095847752225626	0.0	0.9937121806157585	0.6736326141583389	0.9937121806157585	0.0
0.0	0.012817990619118707	0.28343952837236996	0.012817990619118707	0.0	0.27698263466434664	0.28343952837236996	0.27698263466434664	0.0
0.0	-0.017720828287882497	0.022089604460594905	-0.017720828287882497	0.0	0.08202178021773988	0.022089604460594905	0.08202178021773988	0.0
0.0	-0.012798803071149091	0.5869301592125103	-0.012798803071149091	0.0	0.3813192630761634	0.5869301592125103	0.3813192630761634	0.0
0.0	-0.040235841573700415	0.9039502812450528	-0.040235841573700415	0.0	0.7770603659739822	0.9039502812450528	0.7770603659739822	0.0
0.0	0.11175608296263291	1.0911967574486134	0.11175608296263291	0.0	1.1980446388370964	1.0911967574486134	1.1980446388370964	0.0
0.0	0.03703924770376007	0.29350225605714525	0.03703924770376007	0.0	0.12402871719104205	0.29350225605714525	0.12402871719104205	0.0
0.0	-0.0454816961730356	0.8842530828634391	-0.0454816961730356	0.0	0.8123219609141545	0.8842530828634391	0.8123219609141545	0.0
0.0	-0.026443674659187025	0.4940012095610579	-0.026443674659187025	0.0	0.3967190388170082	0.4940012095610579	0.3967190388170082	0.0
0.0	0.05069457637278553	0.6423880892865705	0.05069457637278553	0.0	0.9991150442478393	0.6423880892865705	0.9991150442478393	0.0
0.0	0.10161809623198943	0.8698827748015222	0.10161809623198943	0.0	0.42986757967871275	0.8698827748015222	0.42986757967871275	0.0
0.0	-0.014695058434815497	0.1856495247771757	-0.014695058434815497	0.0	0.13905326997299017	0.1856495247771757	0.13905326997299017	0.0
0.0	0.00870412468310445	0.9270115812984047	0.00870412468310445	0.0	0.6365840517241191	0.9270115812984047	0.6365840517241191	0.0
0.0	0.12859338021872202	0.008443059265103206	0.12859338021872202	0.0	0.07042159942016404	0.008443059265103206	0.07042159942016404	0.0
0.0	0.024764779692279283	0.21951256323575527	0.024764779692279283	0.0	0.25431914025304625	0.21951256323575527	0.25431914025304625	0.0
0.0	0.08607145294401887	0.9319436638670106	0.08607145294401887	0.0	0.39656393442623905	0.9319436638670106	0.39656393442623905	0.0
0.0	-0.011023002225122088	0.9035516026899855	-0.011023002225122088	0.0	0.6027340194096311	0.9035516026899855	0.6027340194096311	0.0
0.0	0.06763487845094512	0.6053319623573931	0.06763487845094512	0.0	0.21156992824399956	0.6053319623573931	0.21156992824399956	0.0
0.0	0.06228926530211713	1.848168257087847	0.06228926530211713	0.0	1.411799290420785	1.848168257087847	1.411799290420785	0.0
0.0	-0.035433858953537095	0.368325096837377	-0.035433858953537095	0.0	0.4487747653805928	0.368325096837377	0.4487747653805928	0.0
0.0	0.06967108890963676	0.5101925257943553	0.06967108890963676	0.0	0.800631800631695	0.5101925257943553	0.800631800631695	0.0
0.0	-0.016300496201692206	0.23985380054230324	-0.016300496201692206	0.0	0.2071187665622945	0.23985380054230324	0.2071187665622945	0.0
0.0	0.09734185485771382	0.30301105224105895	0.09734185485771382	0.0	0.3877725523728017	0.30301105224105895	0.3877725523728017	0.0
0.0	-0.029261350274169925	0.2894496317445336	-0.029261350274169925	0.0	0.27884906257696385	0.2894496317445336	0.27884906257696385	0.0
0.0	-0.0426746766263744	0.8953492912557534	-0.0426746766263744	0.0	0.7775479348496804	0.8953492912557534	0.7775479348496804	0.0
0.0	0.06929468351202572	0.5575047882262398	0.06929468351202572	0.0	2.079195066536838	0.5575047882262398	2.079195066536838	0.0
0.0	0.07648373707403563	0.04217805080724088	0.07648373707403563	0.0	0.19557124860274058	0.04217805080724088	0.19557124860274058	0.0
0.0	-0.012166320510882827	0.33691916863162147	-0.012166320510882827	0.0	0.2726062798811174	0.33691916863162147	0.2726062798811174	0.0
0.0	-0.022637926575423257	0.6930334437856529	-0.022637926575423257	0.0	0.531809343455686	0.6930334437856529	0.531809343455686	0.0
0.0	-0.04224666678274373	0.5697302472672581	-0.04224666678274373	0.0	0.5088909749228426	0.5697302472672581	0.5088909749228426	0.0
0.0	-0.042304467499675716	0.4669691342103691	-0.042304467499675716	0.0	0.35397730834323893	0.4669691342103691	0.35397730834323893	0.0
0.0	0.007223828479414078	0.4975228683899158	0.007223828479414078	0.0	0.5499394543771561	0.4975228683899158	0.5499394543771561	0.0
0.0	0.016213442106390308	0.34870120129622467	0.016213442106390308	0.0	0.28149106654059947	0.34870120129622467	0.28149106654059947	0.0
0.0	0.10080952508614494	0.7032259998451993	0.10080952508614494	0.0	1.587070282658631	0.7032259998451993	1.587070282658631	0.0
0.0	0.022196620203881662	0.5451716243664851	0.022196620203881662	0.0	0.4341124538678993	0.5451716243664851	0.4341124538678993	0.0
0.0	-0.023399362735505445	0.4923761027649796	-0.023399362735505445	0.0	0.592302934506222	0.4923761027649796	0.592302934506222	0.0
0.0	-0.03353546243661432	0.7745764174743547	-0.03353546243661432	0.0	0.5247014357331906	0.7745764174743547	0.5247014357331906	0.0
0.0	-0.01865534664388673	0.5169678170269764	-0.01865534664388673	0.0	0.5197122554609733	0.5169678170269764	0.5197122554609733	0.0
0.0	0.02270594770252994	0.22147872226391954	0.02270594770252994	0.0	0.5094751249455353	0.22147872226391954	0.5094751249455353	0.0
0.0	0.024883736703125842	1.1448141449308347	0.024883736703125842	0.0	0.7597518521824163	1.1448141449308347	0.7597518521824163	0.0
0.0	0.07561582591226436	1.2809137076996202	0.07561582591226436	0.0	0.585377958373368	1.2809137076996202	0.585377958373368	0.0
0.0	0.02860397207435422	0.297203655586426	0.02860397207435422	0.0	0.2904851671792899	0.297203655586426	0.2904851671792899	0.0
0.0	0.2605705862316785	0.29084901185436635	0.2605705862316785	0.0	1.3321474455862414	0.29084901185436635	1.3321474455862414	0.0
0.0	0.0819417171834949	1.078517586144463	0.0819417171834949	0.0	2.4255277464858347	1.078517586144463	2.4255277464858347	0.0
0.0	-0.009289315646668407	0.8583618102164069	-0.009289315646668407	0.0	0.6629530752643482	0.8583618102164069	0.6629530752643482	0.0
0.0	-0.002262410328816267	1.1774305609164675	-0.002262410328816267	0.0	0.9860940257795687	1.1774305609164675	0.9860940257795687	0.0
0.0	0.22360606690019513	0.458460580200675	0.22360606690019513	0.0	0.607032057911081	0.458460580200675	0.607032057911081	0.0
0.0	-0.03664333389994283	0.44787395671513647	-0.03664333389994283	0.0	0.24020946756469932	0.44787395671513647	0.24020946756469932	0.0
0.0	-0.009646394543269734	1.4267001169381321	-0.009646394543269734	0.0	1.3634887307455772	1.4267001169381321	1.3634887307455772	0.0
0.0	-0.022004883985216172	1.6802946297212376	-0.022004883985216172	0.0	1.1477900999062445	1.6802946297212376	1.1477900999062445	0.0
0.0	0.002663756091888427	0.14791984105296843	0.002663756091888427	0.0	0.06660430308701884	0.14791984105296843	0.06660430308701884	0.0
0.0	-0.0065552924332332235	0.4638679763909565	-0.0065552924332332235	0.0	0.2621121451540134	0.4638679763909565	0.2621121451540134	0.0
0.0	0.0023938147331016082	0.6747957363858821	0.0023938147331016082	0.0	0.6097298405700821	0.6747957363858821	0.6097298405700821	0.0
0.0	-0.02572989526497319	0.2951313191860738	-0.02572989526497319	0.0	0.17130918344905896	0.2951313191860738	0.17130918344905896	0.0
0.0	0.10710780317253975	0.21827294999231162	0.10710780317253975	0.0	0.13452931385244854	0.21827294999231162	0.13452931385244854	0.0
0.0	0.018134322785798088	0.17369688631960215	0.018134322785798088	0.0	0.25842233823462635	0.17369688631960215	0.25842233823462635	0.0
0.0	-0.001773730874703184	0.5424846458853474	-0.001773730874703184	0.0	0.7331456021202224	0.5424846458853474	0.7331456021202224	0.0
0.0	-0.015676027108968257	1.3574513102060732	-0.015676027108968257	0.0	1.4729618446335815	1.3574513102060732	1.4729618446335815	0.0
0.0	0.014472951377390303	0.523973091645028	0.014472951377390303	0.0	0.5643851508120604	0.523973091645028	0.5643851508120604	0.0
0.0	-0.007332567243957041	1.2201517484055293	-0.007332567243957041	0.0	0.7402616406684027	1.2201517484055293	0.7402616406684027	0.0
0.0	0.017334370465516787	1.1782173405311303	0.017334370465516787	0.0	1.8637255175882201	1.1782173405311303	1.8637255175882201	0.0
0.0	0.029266707522270646	0.29890351942030124	0.029266707522270646	0.0	0.0707814294070275	0.29890351942030124	0.0707814294070275	0.0
0.0	0.15078689987538021	0.6636247583566118	0.15078689987538021	0.0	0.5323301615402158	0.6636247583566118	0.5323301615402158	0.0
0.0	-0.03368837708876986	0.6040624489406763	-0.03368837708876986	0.0	0.5269776969641202	0.6040624489406763	0.5269776969641202	0.0
0.0	0.03430620330856109	0.5277442696601865	0.03430620330856109	0.0	0.17645388030994466	0.5277442696601865	0.17645388030994466	0.0
0.0	0.012065309974710605	0.6743336082387172	0.012065309974710605	0.0	0.45442873773495157	0.6743336082387172	0.45442873773495157	0.0
0.0	0.08633760766863988	0.5919922040287874	0.08633760766863988	0.0	0.5611321630191012	0.5919922040287874	0.5611321630191012	0.0
0.0	-0.026323381971765994	0.25503450379519116	-0.026323381971765994	0.0	0.18550168621021393	0.25503450379519116	0.18550168621021393	0.0
0.0	-0.006088999872631272	0.5630663776853211	-0.006088999872631272	0.0	0.576061221302498	0.5630663776853211	0.576061221302498	0.0
0.0	0.015166443391976167	0.5155227029398253	0.015166443391976167	0.0	0.2573379419764402	0.5155227029398253	0.2573379419764402	0.0
0.0	0.022863304422869487	0.44451751338578044	0.022863304422869487	0.0	0.5642352262345633	0.44451751338578044	0.5642352262345633	0.0
0.0	-0.016301125343296963	0.48618953772851825	-0.016301125343296963	0.0	0.43601603453594745	0.48618953772851825	0.43601603453594745	0.0
0.0	0.28135536799756733	0.6682819236432612	0.28135536799756733	0.0	0.1609796596097757	0.6682819236432612	0.1609796596097757	0.0
0.0	-0.013510361894976059	0.1568343305471508	-0.013510361894976059	0.0	0.1211041078026436	0.1568343305471508	0.1211041078026436	0.0
0.0	0.116524297984413	0.9740026315867327	0.116524297984413	0.0	0.436640746500701	0.9740026315867327	0.436640746500701	0.0
0.0	0.13605738511432983	0.9861012797905863	0.13605738511432983	0.0	2.9188578471651647	0.9861012797905863	2.9188578471651647	0.0
0.0	0.029878688681867247	0.7371938549977314	0.029878688681867247	0.0	0.5226726210924126	0.7371938549977314	0.5226726210924126	0.0
0.0	5.5119180521896746e-05	0.6678355163860696	5.5119180521896746e-05	0.0	0.36950203942892995	0.6678355163860696	0.36950203942892995	0.0
0.0	0.13161892620193433	0.6451016189046896	0.13161892620193433	0.0	0.5659706019598736	0.6451016189046896	0.5659706019598736	0.0
0.0	-0.020904920664659456	0.05558762521183504	-0.020904920664659456	0.0	-0.01162245719044791	0.05558762521183504	-0.01162245719044791	0.0
0.0	-0.01693118118379041	0.41617997560793213	-0.01693118118379041	0.0	0.17633332654008918	0.41617997560793213	0.17633332654008918	0.0
0.0	-0.017148570410334338	0.17370733386478848	-0.017148570410334338	0.0	0.24899663612110073	0.17370733386478848	0.24899663612110073	0.0
0.0	-0.007708211076179621	1.1552341410021258	-0.007708211076179621	0.0	1.265171710835868	1.1552341410021258	1.265171710835868	0.0
0.0	0.04697299901922102	0.19511447965659165	0.04697299901922102	0.0	0.20524966058229036	0.19511447965659165	0.20524966058229036	0.0
0.0	-0.015421358484918964	3.009990539633554	-0.015421358484918964	0.0	2.1454149767534463	3.009990539633554	2.1454149767534463	0.0
0.0	0.06181662942260071	0.7904106087393433	0.06181662942260071	0.0	1.1125351807751118	0.7904106087393433	1.1125351807751118	0.0
0.0	0.019162144550092814	0.033389652358693296	0.019162144550092814	0.0	0.12541669524658547	0.033389652358693296	0.12541669524658547	0.0
0.0	-0.03884062527720656	0.6602778196014758	-0.03884062527720656	0.0	0.6140531025377648	0.6602778196014758	0.6140531025377648	0.0
0.0	0.030008819770687405	0.26625440660311867	0.030008819770687405	0.0	0.1777409651684917	0.26625440660311867	0.1777409651684917	0.0
0.0	0.21601149184822424	1.005696212784034	0.21601149184822424	0.0	1.3877738780794315	1.005696212784034	1.3877738780794315	0.0
0.0	0.1023121356678653	0.8600463367995314	0.1023121356678653	0.0	1.2459749552772814	0.8600463367995314	1.2459749552772814	0.0
0.0	0.07759501929828827	0.08436136750189915	0.07759501929828827	0.0	0.24612415886003902	0.08436136750189915	0.24612415886003902	0.0
0.0	0.004881084168790259	1.9530789824245485	0.004881084168790259	0.0	2.866968735840243	1.9530789824245485	2.866968735840243	0.0
0.0	0.019756734082978802	2.75714834723156	0.019756734082978802	0.0	1.9907642158638192	2.75714834723156	1.9907642158638192	0.0
0.0	-0.010261661127553253	1.2303455751510681	-0.010261661127553253	0.0	0.6521926301924325	1.2303455751510681	0.6521926301924325	0.0
0.0	0.1187372349569961	0.31898377239656894	0.1187372349569961	0.0	0.11633486257838525	0.31898377239656894	0.11633486257838525	0.0
0.0	-0.0033845493104669292	0.3561602301263124	-0.0033845493104669292	0.0	0.10232723396696947	0.3561602301263124	0.10232723396696947	0.0
0.0	0.06372295477699828	0.5318776102194037	0.06372295477699828	0.0	0.12813627161235971	0.5318776102194037	0.12813627161235971	0.0
0.0	-0.002441440780223321	0.019072914327685788	-0.002441440780223321	0.0	-0.02667278853059294	0.019072914327685788	-0.02667278853059294	0.0
0.0	0.4843979791299943	1.3162150287517458	0.4843979791299943	0.0	0.9229863054042201	1.3162150287517458	0.9229863054042201	0.0
0.0	-0.018320203191960878	0.756401147388894	-0.018320203191960878	0.0	0.7796717005909239	0.756401147388894	0.7796717005909239	0.0
0.0	-0.040353074902332836	1.5565683514117026	-0.040353074902332836	0.0	1.5391147469593864	1.5565683514117026	1.5391147469593864	0.0
0.0	0.01841197000893192	0.5352520467227921	0.01841197000893192	0.0	0.6808264679940541	0.5352520467227921	0.6808264679940541	0.0
0.0	-0.0014637177510321883	0.7968812975136456	-0.0014637177510321883	0.0	0.42876888142956393	0.7968812975136456	0.42876888142956393	0.0
0.0	-0.002104122716482375	0.5159978807959956	-0.002104122716482375	0.0	0.46257815954015924	0.5159978807959956	0.46257815954015924	0.0
0.0	-0.029206685066098515	0.5332118739824622	-0.029206685066098515	0.0	0.34933431952658844	0.5332118739824622	0.34933431952658844	0.0
0.0	-0.04799531492736656	0.062459404448779184	-0.04799531492736656	0.0	0.010102376281348486	0.062459404448779184	0.010102376281348486	0.0
0.0	-0.009234186801892069	0.7951569653857902	-0.009234186801892069	0.0	0.8299129687332292	0.7951569653857902	0.8299129687332292	0.0
0.0	0.049694254569267605	0.4013742544937396	0.049694254569267605	0.0	0.32428308339909734	0.4013742544937396	0.32428308339909734	0.0
0.0	0.09555972515758189	0.9194895324243834	0.09555972515758189	0.0	0.47614485533630496	0.9194895324243834	0.47614485533630496	0.0
0.0	-0.01288994006094472	1.0434893508480898	-0.01288994006094472	0.0	0.8541881645654201	1.0434893508480898	0.8541881645654201	0.0
0.0	-0.016092078193230993	0.6963612390678626	-0.016092078193230993	0.0	0.7711940143406097	0.6963612390678626	0.7711940143406097	0.0
0.0	0.0014607150007245203	0.1565753551624944	0.0014607150007245203	0.0	0.16504947487892863	0.1565753551624944	0.16504947487892863	0.0
0.0	0.04764538818579126	0.8297356088746816	0.04764538818579126	0.0	0.5974523577454476	0.8297356088746816	0.5974523577454476	0.0
